0000          0.15604144
0001          2.40310740
0002          8.28086376
0003         15.24458313
0004         24.04691887
0005         33.72188187
0006         47.20797348
0007         60.54704666
0008         71.98205566
0009         84.51732635
0010         97.01100922
0011        113.81473541
0012        130.07313538
0013        143.79162598
0014        158.82289124
0015        173.80064392
0016        193.79006958
0017        212.57078552
0018        227.96456909
0019        244.63728333
0020        261.17160034
0021        283.04083252
0022        303.13088989
0023        319.24200439
0024        336.52285767
0025        353.56835938
0026        375.94018555
0027        396.19360352
0028        412.24923706
0029        429.42303467
0030        446.31051636
0031        467.10202026
0032        483.11489868
0033        493.49877930
0034        503.04321289
0035        511.29852295
0036        520.86981201
0037        528.60198975
0038        534.26885986
0039        540.27935791
0040        546.01239014
0041        553.08001709
0042        558.96234131
0043        563.39221191
0044        568.29388428
0045        573.09674072
0046        578.99621582
0047        583.76666260
0048        587.28936768
0049        591.33953857
0050        595.38671875
0051        600.31732178
0052        604.20935059
0053        607.09600830
0054        610.58081055
0055        614.16882324
0056        618.58392334
0057        622.05047607
0058        624.64172363
0059        627.86462402
0060        631.23333740
0061        635.37652588
0062        638.59020996
0063        640.98608398
0064        644.02819824
0065        647.23602295
0066        651.16906738
0067        654.17443848
0068        656.40527344
0069        659.28961182
0070        662.35656738
0071        666.10180664
0072        668.92053223
0073        671.00244141
0074        673.74468994
0075        676.68432617
0076        680.26019287
0077        682.90753174
0078        684.85156250
0079        687.46337891
0080        690.28570557
0081        693.70538330
0082        696.19665527
0083        698.01489258
0084        700.50634766
0085        703.22039795
0086        706.49468994
0087        708.83917236
0088        710.54046631
0089        712.92004395
0090        715.53308105
0091        718.67333984
0092        720.88183594
0093        722.47302246
0094        724.74822998
0095        727.26733398
0096        730.28186035
0097        732.36328125
0098        733.85095215
0099        736.02850342
0100        738.45819092
0101        741.35327148
0102        743.31555176
0103        744.70611572
0104        746.79138184
0105        749.13842773
0106        751.92254639
0107        753.77136230
0108        755.07043457
0109        757.06823730
0110        759.33636475
0111        762.01397705
0112        763.75512695
0113        764.96862793
0114        766.88452148
0115        769.07794189
0116        771.65649414
0117        773.29724121
0118        774.42871094
0119        776.26641846
0120        778.38952637
0121        780.87432861
0122        782.41882324
0123        783.47247314
0124        785.23577881
0125        787.29119873
0126        789.68615723
0127        791.14056396
0128        792.12072754
0129        793.81408691
0130        795.80633545
0131        798.11627197
0132        799.48291016
0133        800.39294434
0134        802.01928711
0135        803.95092773
0136        806.18023682
0137        807.46655273
0138        808.30975342
0139        809.87353516
0140        811.74780273
0141        813.90179443
0142        815.11053467
0143        815.89233398
0144        817.39624023
0145        819.21630859
0146        821.29742432
0147        822.43310547
0148        823.15380859
0149        824.60046387
0150        826.36877441
0151        828.38189697
0152        829.44677734
0153        830.11096191
0154        831.50274658
0155        833.22174072
0156        835.17095947
0157        836.16888428
0158        836.77783203
0159        838.11718750
0160        839.78851318
0161        841.67358398
0162        842.60821533
0163        843.16503906
0164        844.45397949
0165        846.08123779
0166        847.90765381
0167        848.78155518
0168        849.29028320
0169        850.53277588
0170        852.11657715
0171        853.88641357
0172        854.70324707
0173        855.16467285
0174        856.36236572
0175        857.90631104
0176        859.62268066
0177        860.38494873
0178        860.79974365
0179        861.95428467
0180        863.45910645
0181        865.12390137
0182        865.83361816
0183        866.20727539
0184        867.32104492
0185        868.78991699
0186        870.40527344
0187        871.06433105
0188        871.39709473
0189        872.47210693
0190        873.90539551
0191        875.47351074
0192        876.08416748
0193        876.37774658
0194        877.41625977
0195        878.81536865
0196        880.33941650
0197        880.90539551
0198        881.16259766
0199        882.16510010
0200        883.53302002
0201        885.01342773
0202        885.53479004
0203        885.75616455
0204        886.72412109
0205        888.06097412
0206        889.50231934
0207        889.98242188
0208        890.17016602
0209        891.10760498
0210        892.41638184
0211        893.81872559
0212        894.26013184
0213        894.41564941
0214        895.32171631
0215        896.60235596
0216        897.96832275
0217        898.37207031
0218        898.49658203
0219        899.37304688
0220        900.62695312
0221        901.95660400
0222        902.32470703
0223        902.42028809
0224        903.26928711
0225        904.49737549
0226        905.79431152
0227        906.12817383
0228        906.19610596
0229        907.01855469
0230        908.22241211
0231        909.48663330
0232        909.78784180
0233        909.82916260
0234        910.62585449
0235        911.80670166
0236        913.04077148
0237        913.31250000
0238        913.32836914
0239        914.10180664
0240        915.26068115
0241        916.46569824
0242        916.70709229
0243        916.69885254
0244        917.44793701
0245        918.58636475
0246        919.76428223
0247        919.97760010
0248        919.94628906
0249        920.67395020
0250        921.79278564
0251        922.94378662
0252        923.12902832
0253        923.07586670
0254        923.78240967
0255        924.88238525
0256        926.00775146
0257        926.16754150
0258        926.09411621
0259        926.78118896
0260        927.86376953
0261        928.96429443
0262        929.09924316
0263        929.00555420
0264        929.67285156
0265        930.73645020
0266        931.81457520
0267        931.92669678
0268        931.81402588
0269        932.46258545
0270        933.50958252
0271        934.56597900
0272        934.65545654
0273        934.52374268
0274        935.15533447
0275        936.18780518
0276        937.22393799
0277        937.29187012
0278        937.14312744
0279        937.75726318
0280        938.77294922
0281        939.78863525
0282        939.83642578
0283        939.67095947
0284        940.26977539
0285        941.27227783
0286        942.26916504
0287        942.29791260
0288        942.11706543
0289        942.70147705
0290        943.69006348
0291        944.66790771
0292        944.67803955
0293        944.48248291
0294        945.05181885
0295        946.02575684
0296        946.98645020
0297        946.98022461
0298        946.77142334
0299        947.32769775
0300        948.28918457
0301        949.23278809
0302        949.20965576
0303        948.98681641
0304        949.52972412
0305        950.48028564
0306        951.40887451
0307        951.36938477
0308        951.13354492
0309        951.66516113
0310        952.60455322
0311        953.51782227
0312        953.46252441
0313        953.21569824
0314        953.73437500
0315        954.66265869
0316        955.56146240
0317        955.49255371
0318        955.23413086
0319        955.74212646
0320        956.66070557
0321        957.54492188
0322        957.46179199
0323        957.19177246
0324        957.68920898
0325        958.59814453
0326        959.46966553
0327        959.37402344
0328        959.09417725
0329        959.58093262
0330        960.47924805
0331        961.33740234
0332        961.22900391
0333        960.93908691
0334        961.41601562
0335        962.30578613
0336        963.15344238
0337        963.03265381
0338        962.73303223
0339        963.20123291
0340        964.08233643
0341        964.91754150
0342        964.78485107
0343        964.47619629
0344        964.93530273
0345        965.80792236
0346        966.63171387
0347        966.48876953
0348        966.17034912
0349        966.62109375
0350        967.48632812
0351        968.29986572
0352        968.14556885
0353        967.81939697
0354        968.26098633
0355        969.11816406
0356        969.92138672
0357        969.75750732
0358        969.42407227
0359        969.85711670
0360        970.70733643
0361        971.50042725
0362        971.32702637
0363        970.98529053
0364        971.41125488
0365        972.25469971
0366        973.03881836
0367        972.85656738
0368        972.50646973
0369        972.92572021
0370        973.76232910
0371        974.53784180
0372        974.34655762
0373        973.99035645
0374        974.40319824
0375        975.23400879
0376        976.00054932
0377        975.80059814
0378        975.43780518
0379        975.84344482
0380        976.66857910
0381        977.42761230
0382        977.21917725
0383        976.85021973
0384        977.25012207
0385        978.07006836
0386        978.82147217
0387        978.60601807
0388        978.23107910
0389        978.62463379
0390        979.43804932
0391        980.18267822
0392        979.95806885
0393        979.57666016
0394        979.96502686
0395        980.77301025
0396        981.50970459
0397        981.27801514
0398        980.89044189
0399        981.27282715
0400        982.07543945
0401        982.80432129
0402        982.56640625
0403        982.17401123
0404        982.55114746
0405        983.34887695
0406        984.07220459
0407        983.82745361
0408        983.42987061
0409        983.80139160
0410        984.59375000
0411        985.30975342
0412        985.05895996
0413        984.65637207
0414        985.02337646
0415        985.81170654
0416        986.52160645
0417        986.26519775
0418        985.85815430
0419        986.22015381
0420        987.00433350
0421        987.70947266
0422        987.44683838
0423        987.03533936
0424        987.39251709
0425        988.17248535
0426        988.87091064
0427        988.60308838
0428        988.18646240
0429        988.53955078
0430        989.31524658
0431        990.00921631
0432        989.73571777
0433        989.31420898
0434        989.66235352
0435        990.43353271
0436        991.12103271
0437        990.84143066
0438        990.41735840
0439        990.76208496
0440        991.53009033
0441        992.21405029
0442        991.93029785
0443        991.50280762
0444        991.84417725
0445        992.60888672
0446        993.28771973
0447        993.00030518
0448        992.56927490
0449        992.90686035
0450        993.66784668
0451        994.34234619
0452        994.05004883
0453        993.61468506
0454        993.94970703
0455        994.70788574
0456        995.37866211
0457        995.08251953
0458        994.64373779
0459        994.97546387
0460        995.73089600
0461        996.39758301
0462        996.09716797
0463        995.65551758
0464        995.98400879
0465        996.73614502
0466        997.39916992
0467        997.09576416
0468        996.65063477
0469        996.97515869
0470        997.72521973
0471        998.38446045
0472        998.07629395
0473        997.62792969
0474        997.94921875
0475        998.69580078
0476        999.35198975
0477        999.04113770
0478        998.58990479
0479        998.90881348
0480        999.65344238
0481       1000.30670166
0482        999.99218750
0483        999.53826904
0484        999.85485840
0485       1000.59655762
0486       1001.24597168
0487       1000.92773438
0488       1000.47106934
0489       1000.78497314
0490       1001.52441406
0491       1002.17041016
0492       1001.84863281
0493       1001.38995361
0494       1001.70074463
0495       1002.43737793
0496       1003.08013916
0497       1002.75524902
0498       1002.29382324
0499       1002.60253906
0500       1003.33721924
0501       1003.97760010
0502       1003.64996338
0503       1003.18634033
0504       1003.49304199
0505       1004.22595215
0506       1004.86352539
0507       1004.53314209
0508       1004.06799316
0509       1004.37274170
0510       1005.10290527
0511       1005.73815918
0512       1005.40509033
0513       1004.93811035
0514       1005.24023438
0515       1005.96813965
0516       1006.59954834
0517       1006.26373291
0518       1005.79455566
0519       1006.09411621
0520       1006.82098389
0521       1007.45025635
0522       1007.11254883
0523       1006.64080811
0524       1006.93811035
0525       1007.66345215
0526       1008.29058838
0527       1007.94989014
0528       1007.47637939
0529       1007.77197266
0530       1008.49530029
0531       1009.11932373
0532       1008.77624512
0533       1008.30126953
0534       1008.59521484
0535       1009.31774902
0536       1009.93951416
0537       1009.59411621
0538       1009.11767578
0539       1009.41076660
0540       1010.13134766
0541       1010.75048828
0542       1010.40289307
0543       1009.92395020
0544       1010.21533203
0545       1010.93438721
0546       1011.55187988
0547       1011.20349121
0548       1010.72290039
0549       1011.01293945
0550       1011.73077393
0551       1012.34631348
0552       1011.99615479
0553       1011.51434326
0554       1011.80267334
0555       1012.51898193
0556       1013.13293457
0557       1012.78051758
0558       1012.29699707
0559       1012.58374023
0560       1013.29809570
0561       1013.90997314
0562       1013.55541992
0563       1013.07043457
0564       1013.35583496
0565       1014.06884766
0566       1014.67883301
0567       1014.32281494
0568       1013.83654785
0569       1014.12060547
0570       1014.83227539
0571       1015.44024658
0572       1015.08264160
0573       1014.59503174
0574       1014.87792969
0575       1015.58862305
0576       1016.19476318
0577       1015.83526611
0578       1015.34606934
0579       1015.62756348
0580       1016.33697510
0581       1016.94140625
0582       1016.57995605
0583       1016.08917236
0584       1016.36975098
0585       1017.07855225
0586       1017.68176270
0587       1017.31860352
0588       1016.82678223
0589       1017.10614014
0590       1017.81347656
0591       1018.41516113
0592       1018.05139160
0593       1017.55871582
0594       1017.83648682
0595       1018.54272461
0596       1019.14294434
0597       1018.77746582
0598       1018.28363037
0599       1363.97094727
0600       1364.53271484
0601       1364.78369141
0602       1363.76489258
0603       1362.58776855
0604       1362.02954102
0605       1361.96777344
0606       1361.57312012
0607       1360.20849609
0608       1358.88769531
0609       1358.25769043
0610       1358.17077637
0611       1357.77758789
0612       1356.43554688
0613       1355.14172363
0614       1354.54138184
0615       1354.48291016
0616       1354.13061523
0617       1352.83081055
0618       1351.56982422
0619       1351.00170898
0620       1350.97338867
0621       1350.66064453
0622       1349.40148926
0623       1348.17272949
0624       1347.63464355
0625       1347.63476562
0626       1347.36035156
0627       1346.14001465
0628       1344.94213867
0629       1344.43359375
0630       1344.46057129
0631       1344.22192383
0632       1343.03784180
0633       1341.86877441
0634       1341.38842773
0635       1341.44091797
0636       1341.23742676
0637       1340.08764648
0638       1338.94641113
0639       1338.49267578
0640       1338.56970215
0641       1338.39892578
0642       1337.28320312
0643       1336.16918945
0644       1335.74206543
0645       1335.84301758
0646       1335.70263672
0647       1334.61694336
0648       1333.52783203
0649       1333.12390137
0650       1333.24584961
0651       1333.13439941
0652       1332.07739258
0653       1331.01171875
0654       1330.63024902
0655       1330.77246094
0656       1330.68933105
0657       1329.66125488
0658       1328.61706543
0659       1328.25756836
0660       1328.42041016
0661       1328.36364746
0662       1327.36291504
0663       1326.34045410
0664       1326.00085449
0665       1326.18176270
0666       1326.15026855
0667       1325.17565918
0668       1324.17333984
0669       1323.85437012
0670       1324.05444336
0671       1324.04675293
0672       1323.09533691
0673       1322.11254883
0674       1321.81140137
0675       1322.02783203
0676       1322.04345703
0677       1321.11499023
0678       1320.15087891
0679       1319.86743164
0680       1320.10034180
0681       1320.13769531
0682       1319.23107910
0683       1318.28430176
0684       1318.01757812
0685       1318.26635742
0686       1318.32324219
0687       1317.43737793
0688       1316.51000977
0689       1316.26110840
0690       1316.52465820
0691       1316.60375977
0692       1315.73901367
0693       1314.82751465
0694       1314.59350586
0695       1314.87097168
0696       1314.96923828
0697       1314.12243652
0698       1313.22619629
0699       1313.00732422
0700       1313.29858398
0701       1313.41430664
0702       1312.58569336
0703       1311.70349121
0704       1311.49743652
0705       1311.80053711
0706       1311.93261719
0707       1311.12109375
0708       1310.25256348
0709       1310.05981445
0710       1310.37402344
0711       1310.52270508
0712       1309.72729492
0713       1308.87158203
0714       1308.69104004
0715       1309.01733398
0716       1309.18029785
0717       1308.39953613
0718       1307.55615234
0719       1307.38671875
0720       1307.72302246
0721       1307.90051270
0722       1307.13476562
0723       1306.30358887
0724       1306.14550781
0725       1306.49218750
0726       1306.68334961
0727       1305.93066406
0728       1305.11022949
0729       1304.96301270
0730       1305.31933594
0731       1305.52392578
0732       1304.78479004
0733       1303.97485352
0734       1303.83740234
0735       1304.20312500
0736       1304.41967773
0737       1303.69287109
0738       1302.89233398
0739       1302.76367188
0740       1303.13903809
0741       1303.36804199
0742       1302.65307617
0743       1301.86181641
0744       1301.74316406
0745       1302.12670898
0746       1302.36608887
0747       1301.66235352
0748       1300.87963867
0749       1300.76904297
0750       1301.15991211
0751       1301.41040039
0752       1300.71813965
0753       1299.94409180
0754       1299.84106445
0755       1300.23950195
0756       1300.49926758
0757       1299.81701660
0758       1299.05126953
0759       1298.95715332
0760       1299.36206055
0761       1299.63159180
0762       1298.95910645
0763       1298.20080566
0764       1298.11376953
0765       1298.52612305
0766       1298.80395508
0767       1298.14001465
0768       1297.38891602
0769       1297.30932617
0770       1297.72802734
0771       1298.01428223
0772       1297.35888672
0773       1296.61462402
0774       1296.54101562
0775       1296.96630859
0776       1297.26135254
0777       1296.61376953
0778       1295.87646484
0779       1295.80969238
0780       1296.24047852
0781       1296.54321289
0782       1295.90454102
0783       1295.17346191
0784       1295.11242676
0785       1295.54858398
0786       1295.85876465
0787       1295.22680664
0788       1294.50146484
0789       1294.44543457
0790       1294.88696289
0791       1295.20373535
0792       1294.57910156
0793       1293.85949707
0794       1293.80981445
0795       1294.25610352
0796       1294.58007812
0797       1293.96240234
0798       1293.24780273
0799       1293.20373535
0800       1293.65429688
0801       1293.98461914
0802       1293.37329102
0803       1292.66406250
0804       1292.62524414
0805       1293.08068848
0806       1293.41699219
0807       1292.81140137
0808       1292.10644531
0809       1292.07165527
0810       1292.53112793
0811       1292.87280273
0812       1292.27294922
0813       1291.57275391
0814       1291.54248047
0815       1292.00598145
0816       1292.35327148
0817       1291.75878906
0818       1291.06347656
0819       1291.03820801
0820       1291.50634766
0821       1291.85900879
0822       1291.26928711
0823       1290.57861328
0824       1290.55615234
0825       1291.02832031
0826       1291.38537598
0827       1290.80139160
0828       1290.11462402
0829       1290.09594727
0830       1290.57128906
0831       1290.93347168
0832       1290.35375977
0833       1289.66979980
0834       1289.65515137
0835       1290.13366699
0836       1290.49963379
0837       1289.92419434
0838       1289.24426270
0839       1289.23315430
0840       1289.71557617
0841       1290.08605957
0842       1289.51501465
0843       1288.83837891
0844       1288.83105469
0845       1289.31640625
0846       1289.69091797
0847       1289.12402344
0848       1288.45080566
0849       1288.44592285
0850       1288.93383789
0851       1289.31201172
0852       1288.74902344
0853       1288.07849121
0854       1288.07653809
0855       1288.56713867
0856       1288.94946289
0857       1288.39013672
0858       1287.72241211
0859       1287.72351074
0860       1288.21667480
0861       1288.60217285
0862       1288.04541016
0863       1287.38073730
0864       1287.38500977
0865       1287.88049316
0866       1288.26916504
0867       1287.71630859
0868       1287.05407715
0869       1287.06005859
0870       1287.55737305
0871       1287.94909668
0872       1287.39892578
0873       1286.73950195
0874       1286.74743652
0875       1287.24755859
0876       1287.64208984
0877       1287.09582520
0878       1286.43920898
0879       1286.44995117
0880       1286.95202637
0881       1287.34936523
0882       1286.80590820
0883       1286.15124512
0884       1286.16430664
0885       1286.66845703
0886       1287.06848145
0887       1286.52734375
0888       1285.87500000
0889       1285.88964844
0890       1286.39575195
0891       1286.79833984
0892       1286.25903320
0893       1285.60913086
0894       1285.62561035
0895       1286.13317871
0896       1286.53833008
0897       1286.00122070
0898       1285.35327148
0899       1285.37207031
0900       1285.88134766
0901       1286.28857422
0902       1285.75415039
0903       1285.10803223
0904       1285.12878418
0905       1285.64025879
0906       1286.04992676
0907       1285.51794434
0908       1284.87377930
0909       1284.89648438
0910       1285.40930176
0911       1285.82055664
0912       1285.29113770
0913       1284.64855957
0914       1284.67297363
0915       1285.18688965
0916       1285.60034180
0917       1285.07238770
0918       1284.43115234
0919       1284.45703125
0920       1284.97192383
0921       1285.38684082
0922       1284.86083984
0923       1284.22119141
0924       1284.24829102
0925       1284.76428223
0926       1285.18090820
0927       1284.65600586
0928       1284.01770020
0929       1284.04565430
0930       1284.56311035
0931       1284.98168945
0932       1284.45898438
0933       1283.82177734
0934       1283.85095215
0935       1284.36962891
0936       1284.78967285
0937       1284.26879883
0938       1283.63293457
0939       1283.66308594
0940       1284.18286133
0941       1284.60473633
0942       1284.08520508
0943       1283.45104980
0944       1283.48217773
0945       1284.00329590
0946       1284.42663574
0947       1283.90917969
0948       1283.27612305
0949       1283.30871582
0950       1283.83093262
0951       1284.25524902
0952       1283.73974609
0953       1283.10778809
0954       1283.14147949
0955       1283.66467285
0956       1284.09057617
0957       1283.57592773
0958       1282.94458008
0959       1282.97888184
0960       1283.50244141
0961       1283.92932129
0962       1283.41577148
0963       1282.78552246
0964       1282.82080078
0965       1283.34533691
0966       1283.77307129
0967       1283.26074219
0968       1282.63110352
0969       1282.66735840
0970       1283.19274902
0971       1283.62170410
0972       1283.11035156
0973       1282.48181152
0974       1282.51904297
0975       1283.04516602
0976       1283.47473145
0977       1282.96435547
0978       1282.33666992
0979       1282.37500000
0980       1282.90222168
0981       1283.33361816
0982       1282.82446289
0983       1282.19775391
0984       1282.23669434
0985       1282.76489258
0986       1283.19726562
0987       1282.68884277
0988       1282.06250000
0989       1282.10205078
0990       1282.63061523
0991       1283.06372070
0992       1282.55603027
0993       1281.93017578
0994       1281.97009277
0995       1282.49902344
0996       1282.93310547
0997       1282.42651367
0998       1281.80175781
0999       1281.84277344
1000       1282.37243652
1001       1282.80737305
1002       1282.30163574
1003       1281.67749023
1004       1281.71923828
1005       1282.24951172
1006       1282.68542480
1007       1282.18005371
1008       1281.55749512
1009       1281.60034180
1010       1282.13134766
1011       1282.56774902
1012       1282.06323242
1013       1281.44091797
1014       1281.48437500
1015       1282.01611328
1016       1282.45361328
1017       1281.94970703
1018       1281.32788086
1019       1281.37158203
1020       1281.90368652
1021       1282.34216309
1022       1281.83886719
1023       1281.21740723
1024       1281.26171875
1025       1281.79431152
1026       1282.23339844
1027       1281.73107910
1028       1281.11035156
1029       1281.15527344
1030       1281.68798828
1031       1282.12780762
1032       1281.62609863
1033       1281.00598145
1034       1281.05151367
1035       1281.58471680
1036       1282.02490234
1037       1281.52331543
1038       1280.90417480
1039       1280.95007324
1040       1281.48388672
1041       1281.92492676
1042       1281.42382812
1043       1280.80493164
1044       1280.85131836
1045       1281.38525391
1046       1281.82702637
1047       1281.32641602
1048       1280.70800781
1049       1280.75463867
1050       1281.28894043
1051       1281.73095703
1052       1281.23132324
1053       1280.61315918
1054       1280.66015625
1055       1281.19506836
1056       1281.63757324
1057       1281.13818359
1058       1280.52026367
1059       1280.56750488
1060       1281.10266113
1061       1281.54541016
1062       1281.04675293
1063       1280.42907715
1064       1280.47668457
1065       1281.01196289
1066       1281.45507812
1067       1280.95727539
1068       1280.33984375
1069       1280.38793945
1070       1280.92358398
1071       1281.36743164
1072       1280.87023926
1073       1280.25317383
1074       1280.30151367
1075       1280.83764648
1076       1281.28186035
1077       1280.78491211
1078       1280.16772461
1079       1280.21630859
1080       1280.75292969
1081       1281.19750977
1082       1280.70068359
1083       1280.08374023
1084       1280.13256836
1085       1280.66943359
1086       1281.11425781
1087       1280.61804199
1088       1280.00122070
1089       1280.05029297
1090       1280.58740234
1091       1281.03247070
1092       1280.53662109
1093       1279.92004395
1094       1279.96936035
1095       1280.50683594
1096       1280.95227051
1097       1280.45654297
1098       1279.84033203
1099       1279.88977051
1100       1280.42736816
1101       1280.87341309
1102       1280.37841797
1103       1279.76245117
1104       1279.81188965
1105       1280.34973145
1106       1280.79614258
1107       1280.30151367
1108       1279.68554688
1109       1279.73522949
1110       1280.27331543
1111       1280.71997070
1112       1280.22558594
1113       1279.60986328
1114       1279.65979004
1115       1280.19812012
1116       1280.64501953
1117       1280.15087891
1118       1279.53540039
1119       1279.58557129
1120       1280.12426758
1121       1280.57141113
1122       1280.07739258
1123       1279.46215820
1124       1279.51245117
1125       1280.05126953
1126       1280.49853516
1127       1280.00463867
1128       1279.38964844
1129       1279.44042969
1130       1279.97949219
1131       1280.42700195
1132       1279.93310547
1133       1279.31823730
1134       1279.36914062
1135       1279.90856934
1136       1280.35620117
1137       1279.86254883
1138       1279.24768066
1139       1279.29870605
1140       1279.83825684
1141       1280.28613281
1142       1279.79260254
1143       1279.17797852
1144       1279.22900391
1145       1279.76855469
1146       1280.21667480
1147       1279.72338867
1148       1279.10900879
1149       1279.16015625
1150       1279.69982910
1151       1280.14794922
1152       1279.65478516
1153       1279.04052734
1154       1279.09179688
1155       1279.63159180
1156       1280.07983398
1157       1279.58691406
1158       1278.97265625
1159       1279.02404785
1160       1279.56408691
1161       1280.01245117
1162       1279.51953125
1163       1278.90563965
1164       1278.95703125
1165       1279.49743652
1166       1279.94580078
1167       1279.45312500
1168       1278.83911133
1169       1278.89074707
1170       1279.43115234
1171       1279.87976074
1172       1279.38720703
1173       1278.77355957
1174       1278.82519531
1175       1279.36572266
1176       1279.81445312
1177       1279.32202148
1178       1278.70874023
1179       1278.76062012
1180       1279.30126953
1181       1279.75000000
1182       1279.25781250
1183       1278.64477539
1184       1278.69689941
1185       1279.23767090
1186       1279.68676758
1187       1279.19482422
1188       1278.58178711
1189       1278.63403320
1190       1279.17492676
1191       1279.62402344
1192       1279.13208008
1193       1278.51904297
1194       1278.57153320
1195       1279.11242676
1196       1279.56164551
1197       1279.07006836
1198       1278.45715332
1199       1278.50964355
1200       1279.05053711
1201       1279.50000000
1202       1279.00854492
1203       1278.39562988
1204       1278.44812012
1205       1278.98913574
1206       1279.43872070
1207       1278.94738770
1208       1278.33471680
1209       1278.38745117
1210       1278.92846680
1211       1279.37829590
1212       1278.88720703
1213       1278.27465820
1214       1278.32727051
1215       1278.86816406
1216       1279.31835938
1217       1278.82739258
1218       1278.21484375
1219       1278.26770020
1220       1278.80871582
1221       1279.25891113
1222       1278.76806641
1223       1278.15576172
1224       1278.20874023
1225       1278.74975586
1226       1279.19995117
1227       1278.70922852
1228       1278.09692383
1229       1278.15002441
1230       1278.69116211
1231       1279.14135742
1232       1278.65063477
1233       1278.03857422
1234       1278.09167480
1235       1278.63293457
1236       1279.08312988
1237       1278.59277344
1238       1277.98095703
1239       1278.03442383
1240       1278.57580566
1241       1279.02648926
1242       1278.53649902
1243       1277.92480469
1244       1277.97827148
1245       1278.51977539
1246       1278.97045898
1247       1278.48071289
1248       1277.86889648
1249       1277.92248535
1250       1278.46398926
1251       1278.91479492
1252       1278.42492676
1253       1277.81323242
1254       1277.86694336
1255       1278.40844727
1256       1278.85925293
1257       1278.36950684
1258       1277.75793457
1259       1277.81164551
1260       1278.35327148
1261       1278.80395508
1262       1278.31433105
1263       1277.70275879
1264       1277.75659180
1265       1278.29821777
1266       1278.74902344
1267       1278.25927734
1268       1277.64770508
1269       1277.70141602
1270       1278.24316406
1271       1278.69396973
1272       1278.20434570
1273       1277.59277344
1274       1277.64660645
1275       1278.18823242
1276       1278.63916016
1277       1278.14965820
1278       1277.53808594
1279       1277.59204102
1280       1278.13378906
1281       1278.58483887
1282       1278.09509277
1283       1277.48352051
1284       1277.53747559
1285       1278.07934570
1286       1278.53039551
1287       1278.04077148
1288       1277.42919922
1289       1277.48303223
1290       1278.02490234
1291       1278.47607422
1292       1277.98632812
1293       1277.37487793
1294       1277.42871094
1295       1277.97058105
1296       1278.42187500
1297       1277.93212891
1298       1277.32080078
1299       1277.37475586
1300       1277.91662598
1301       1278.36804199
1302       1277.87829590
1303       1277.26696777
1304       1277.32104492
1305       1277.86291504
1306       1278.31420898
1307       1277.82458496
1308       1277.21337891
1309       1277.26757812
1310       1277.80981445
1311       1278.26123047
1312       1277.77197266
1313       1277.16101074
1314       1277.21533203
1315       1277.75756836
1316       1278.20910645
1317       1277.71997070
1318       1277.10900879
1319       1277.16333008
1320       1277.70556641
1321       1278.15722656
1322       1277.66796875
1323       1277.05712891
1324       1277.11145020
1325       1277.65368652
1326       1278.10522461
1327       1277.61608887
1328       1277.00537109
1329       1277.05969238
1330       1277.60192871
1331       1278.05346680
1332       1277.56433105
1333       1276.95361328
1334       1277.00781250
1335       1277.55004883
1336       1278.00158691
1337       1277.51245117
1338       1276.90173340
1339       1276.95593262
1340       1277.49829102
1341       1277.95019531
1342       1277.46105957
1343       1276.85046387
1344       1276.90466309
1345       1277.44702148
1346       1277.89892578
1347       1277.40991211
1348       1276.79931641
1349       1276.85351562
1350       1277.39599609
1351       1277.84790039
1352       1277.35900879
1353       1276.74841309
1354       1276.80273438
1355       1277.34509277
1356       1277.79711914
1357       1277.30822754
1358       1276.69775391
1359       1276.75195312
1360       1277.29443359
1361       1277.74633789
1362       1277.25744629
1363       1276.64697266
1364       1276.70117188
1365       1277.24365234
1366       1277.69555664
1367       1277.20678711
1368       1276.59631348
1369       1276.65063477
1370       1277.19311523
1371       1277.64501953
1372       1277.15625000
1373       1276.54577637
1374       1276.60009766
1375       1277.14257812
1376       1277.59460449
1377       1277.10583496
1378       1276.49536133
1379       1276.54980469
1380       1277.09228516
1381       1277.54443359
1382       1277.05578613
1383       1276.44531250
1384       1276.49951172
1385       1277.04199219
1386       1277.49414062
1387       1277.00561523
1388       1276.39514160
1389       1276.44946289
1390       1276.99194336
1391       1277.44409180
1392       1276.95556641
1393       1276.34521484
1394       1276.39953613
1395       1276.94201660
1396       1277.39416504
1397       1276.90563965
1398       1276.29528809
1399       1276.34960938
1400       1276.89208984
1401       1277.34423828
1402       1276.85583496
1403       1276.24548340
1404       1276.29980469
1405       1276.84228516
1406       1277.29443359
1407       1276.80590820
1408       1276.19555664
1409       1276.24987793
1410       1276.79235840
1411       1277.24450684
1412       1276.75610352
1413       1276.14575195
1414       1276.19995117
1415       1276.74255371
1416       1277.19470215
1417       1276.70629883
1418       1276.09594727
1419       1276.15014648
1420       1276.69287109
1421       1277.14501953
1422       1276.65649414
1423       1276.04614258
1424       1276.10046387
1425       1276.64306641
1426       1277.09521484
1427       1276.60681152
1428       1275.99645996
1429       1276.05078125
1430       1276.59338379
1431       1277.04565430
1432       1276.55725098
1433       1275.94689941
1434       1276.00122070
1435       1276.54370117
1436       1276.99609375
1437       1276.50756836
1438       1275.89721680
1439       1275.95153809
1440       1276.49414062
1441       1276.94641113
1442       1276.45800781
1443       1275.84765625
1444       1275.90197754
1445       1276.44458008
1446       1276.89685059
1447       1276.40844727
1448       1275.79809570
1449       1275.85253906
1450       1276.39501953
1451       1276.84741211
1452       1276.35888672
1453       1275.74865723
1454       1275.80297852
1455       1276.34558105
1456       1276.79785156
1457       1276.30944824
1458       1275.69909668
1459       1275.75341797
1460       1276.29614258
1461       1276.74829102
1462       1276.25988770
1463       1275.64965820
1464       1275.70397949
1465       1276.24658203
1466       1276.69897461
1467       1276.21057129
1468       1275.60021973
1469       1275.65454102
1470       1276.19726562
1471       1276.64965820
1472       1276.16113281
1473       1275.55090332
1474       1275.60522461
1475       1276.14782715
1476       1276.60021973
1477       1276.11181641
1478       1275.50146484
1479       1275.55590820
1480       1276.09838867
1481       1276.55078125
1482       1276.06237793
1483       1275.45214844
1484       1275.50659180
1485       1276.04931641
1486       1276.50195312
1487       1276.01391602
1488       1275.40393066
1489       1275.45837402
1490       1276.00109863
1491       1276.45373535
1492       1275.96569824
1493       1275.35559082
1494       1275.41015625
1495       1275.95288086
1496       1276.40551758
1497       1275.91735840
1498       1275.30737305
1499       1251.72058105
1500       1252.26367188
1501       1252.71740723
1502       1252.22985840
1503       1251.62060547
1504       1251.67749023
1505       1252.22082520
1506       1252.67492676
1507       1252.18823242
1508       1251.57910156
1509       1251.63647461
1510       1252.17993164
1511       1252.63439941
1512       1252.14843750
1513       1251.53955078
1514       1251.59692383
1515       1252.14062500
1516       1252.59558105
1517       1252.11022949
1518       1251.50146484
1519       1251.55932617
1520       1252.10375977
1521       1252.55908203
1522       1252.07397461
1523       1251.46533203
1524       1251.52343750
1525       1252.06799316
1526       1252.52368164
1527       1252.03894043
1528       1251.43041992
1529       1251.48876953
1530       1252.03369141
1531       1252.48962402
1532       1252.00524902
1533       1251.39697266
1534       1251.45581055
1535       1252.00109863
1536       1252.45739746
1537       1251.97326660
1538       1251.36535645
1539       1251.42431641
1540       1251.96997070
1541       1252.42651367
1542       1251.94311523
1543       1251.33569336
1544       1251.39465332
1545       1251.94042969
1546       1252.39758301
1547       1251.91455078
1548       1251.30712891
1549       1251.36621094
1550       1251.91223145
1551       1252.36975098
1552       1251.88696289
1553       1251.27978516
1554       1251.33923340
1555       1251.88549805
1556       1252.34326172
1557       1251.86083984
1558       1251.25366211
1559       1251.31347656
1560       1251.86010742
1561       1252.31811523
1562       1251.83593750
1563       1251.22900391
1564       1251.28881836
1565       1251.83557129
1566       1252.29382324
1567       1251.81164551
1568       1251.20495605
1569       1251.26538086
1570       1251.81237793
1571       1252.27087402
1572       1251.78894043
1573       1251.18249512
1574       1251.24291992
1575       1251.79028320
1576       1252.24877930
1577       1251.76708984
1578       1251.16076660
1579       1251.22131348
1580       1251.76879883
1581       1252.22778320
1582       1251.74609375
1583       1251.14001465
1584       1251.20056152
1585       1251.74816895
1586       1252.20739746
1587       1251.72595215
1588       1251.11999512
1589       1251.18054199
1590       1251.72827148
1591       1252.18750000
1592       1251.70629883
1593       1251.10034180
1594       1251.16113281
1595       1251.70910645
1596       1252.16833496
1597       1251.68725586
1598       1251.08166504
1599       1251.14245605
1600       1251.69079590
1601       1252.15039062
1602       1251.66943359
1603       1251.06396484
1604       1251.12500000
1605       1251.67333984
1606       1252.13305664
1607       1251.65234375
1608       1251.04711914
1609       1251.10839844
1610       1251.65698242
1611       1252.11669922
1612       1251.63598633
1613       1251.03125000
1614       1251.09252930
1615       1251.64123535
1616       1252.10107422
1617       1251.62060547
1618       1251.01586914
1619       1251.07727051
1620       1251.62597656
1621       1252.08593750
1622       1251.60546875
1623       1251.00073242
1624       1251.06250000
1625       1251.61120605
1626       1252.07141113
1627       1251.59130859
1628       1250.98669434
1629       1251.04833984
1630       1251.59716797
1631       1252.05737305
1632       1251.57763672
1633       1250.97302246
1634       1251.03491211
1635       1251.58386230
1636       1252.04455566
1637       1251.56481934
1638       1250.96057129
1639       1251.02246094
1640       1251.57128906
1641       1252.03222656
1642       1251.55273438
1643       1250.94873047
1644       1251.01074219
1645       1251.55969238
1646       1252.02075195
1647       1251.54138184
1648       1250.93750000
1649       1250.99975586
1650       1251.54882812
1651       1252.00988770
1652       1251.53063965
1653       1250.92675781
1654       1250.98925781
1655       1251.53833008
1656       1251.99938965
1657       1251.52026367
1658       1250.91662598
1659       1250.97912598
1660       1251.52832031
1661       1251.98950195
1662       1251.51049805
1663       1250.90698242
1664       1250.96948242
1665       1251.51867676
1666       1251.97973633
1667       1251.50085449
1668       1250.89746094
1669       1250.96008301
1670       1251.50927734
1671       1251.97045898
1672       1251.49169922
1673       1250.88830566
1674       1250.95092773
1675       1251.50036621
1676       1251.96142578
1677       1251.48278809
1678       1250.87927246
1679       1250.94201660
1680       1251.49145508
1681       1251.95263672
1682       1251.47399902
1683       1250.87060547
1684       1250.93334961
1685       1251.48278809
1686       1251.94421387
1687       1251.46557617
1688       1250.86206055
1689       1250.92504883
1690       1251.47460938
1691       1251.93603516
1692       1251.45739746
1693       1250.85400391
1694       1250.91711426
1695       1251.46667480
1696       1251.92834473
1697       1251.44970703
1698       1250.84643555
1699       1250.90954590
1700       1251.45898438
1701       1251.92077637
1702       1251.44213867
1703       1250.83886719
1704       1250.90209961
1705       1251.45153809
1706       1251.91333008
1707       1251.43469238
1708       1250.83178711
1709       1250.89489746
1710       1251.44433594
1711       1251.90612793
1712       1251.42749023
1713       1250.82470703
1714       1250.88769531
1715       1251.43725586
1716       1251.89904785
1717       1251.42041016
1718       1250.81762695
1719       1250.88073730
1720       1251.43029785
1721       1251.89208984
1722       1251.41369629
1723       1250.81103516
1724       1250.87402344
1725       1251.42382812
1726       1251.88562012
1727       1251.40722656
1728       1250.80456543
1729       1250.86767578
1730       1251.41748047
1731       1251.87915039
1732       1251.40087891
1733       1250.79833984
1734       1250.86157227
1735       1251.41125488
1736       1251.87316895
1737       1251.39514160
1738       1250.79248047
1739       1250.85571289
1740       1251.40551758
1741       1251.86743164
1742       1251.38952637
1743       1250.78698730
1744       1250.85021973
1745       1251.40002441
1746       1251.86193848
1747       1251.38403320
1748       1250.78149414
1749       1250.84472656
1750       1251.39453125
1751       1251.85668945
1752       1251.37866211
1753       1250.77624512
1754       1250.83959961
1755       1251.38940430
1756       1251.85144043
1757       1251.37353516
1758       1250.77111816
1759       1250.83435059
1760       1251.38427734
1761       1251.84619141
1762       1251.36840820
1763       1250.76586914
1764       1250.82910156
1765       1251.37902832
1766       1251.84106445
1767       1251.36315918
1768       1250.76074219
1769       1250.82409668
1770       1251.37402344
1771       1251.83593750
1772       1251.35815430
1773       1250.75561523
1774       1250.81909180
1775       1251.36914062
1776       1251.83117676
1777       1251.35339355
1778       1250.75097656
1779       1250.81445312
1780       1251.36450195
1781       1251.82666016
1782       1251.34887695
1783       1250.74633789
1784       1250.80981445
1785       1251.35986328
1786       1251.82202148
1787       1251.34436035
1788       1250.74194336
1789       1250.80541992
1790       1251.35546875
1791       1251.81762695
1792       1251.34008789
1793       1250.73754883
1794       1250.80102539
1795       1251.35107422
1796       1251.81323242
1797       1251.33569336
1798       1250.73327637
1799       1250.79675293
1800       1251.34680176
1801       1251.80895996
1802       1251.33142090
1803       1250.72900391
1804       1250.79248047
1805       1251.34252930
1806       1251.80468750
1807       1251.32714844
1808       1250.72485352
1809       1250.78833008
1810       1251.33837891
1811       1251.80053711
1812       1251.32299805
1813       1250.72070312
1814       1250.78417969
1815       1251.33422852
1816       1251.79650879
1817       1251.31896973
1818       1250.71655273
1819       1250.78002930
1820       1251.33007812
1821       1251.79235840
1822       1251.31481934
1823       1250.71240234
1824       1250.77587891
1825       1251.32604980
1826       1251.78833008
1827       1251.31079102
1828       1250.70837402
1829       1250.77197266
1830       1251.32214355
1831       1251.78442383
1832       1251.30688477
1833       1250.70446777
1834       1250.76806641
1835       1251.31823730
1836       1251.78051758
1837       1251.30297852
1838       1250.70056152
1839       1250.76428223
1840       1251.31445312
1841       1251.77685547
1842       1251.29931641
1843       1250.69677734
1844       1250.76049805
1845       1251.31066895
1846       1251.77307129
1847       1251.29553223
1848       1250.69311523
1849       1250.75683594
1850       1251.30688477
1851       1251.76940918
1852       1251.29187012
1853       1250.68945312
1854       1250.75317383
1855       1251.30322266
1856       1251.76574707
1857       1251.28820801
1858       1250.68579102
1859       1250.74938965
1860       1251.29956055
1861       1251.76196289
1862       1251.28454590
1863       1250.68212891
1864       1250.74584961
1865       1251.29589844
1866       1251.75842285
1867       1251.28100586
1868       1250.67858887
1869       1250.74218750
1870       1251.29235840
1871       1251.75488281
1872       1251.27746582
1873       1250.67504883
1874       1250.73876953
1875       1251.28881836
1876       1251.75134277
1877       1251.27392578
1878       1250.67150879
1879       1250.73522949
1880       1251.28540039
1881       1251.74780273
1882       1251.27050781
1883       1250.66809082
1884       1250.73168945
1885       1251.28186035
1886       1251.74438477
1887       1251.26708984
1888       1250.66467285
1889       1250.72839355
1890       1251.27856445
1891       1251.74096680
1892       1251.26367188
1893       1250.66125488
1894       1250.72497559
1895       1251.27514648
1896       1251.73767090
1897       1251.26025391
1898       1250.65783691
1899       1250.72167969
1900       1251.27172852
1901       1251.73437500
1902       1251.25695801
1903       1250.65454102
1904       1250.71826172
1905       1251.26843262
1906       1251.73095703
1907       1251.25366211
1908       1250.65124512
1909       1250.71496582
1910       1251.26513672
1911       1251.72766113
1912       1251.25024414
1913       1250.64794922
1914       1250.71166992
1915       1251.26184082
1916       1251.72436523
1917       1251.24694824
1918       1250.64453125
1919       1250.70837402
1920       1251.25854492
1921       1251.72094727
1922       1251.24365234
1923       1250.64123535
1924       1250.70507812
1925       1251.25512695
1926       1251.71765137
1927       1251.24035645
1928       1250.63793945
1929       1250.70166016
1930       1251.25183105
1931       1251.71435547
1932       1251.23706055
1933       1250.63464355
1934       1250.69848633
1935       1251.24853516
1936       1251.71105957
1937       1251.23376465
1938       1250.63134766
1939       1250.69519043
1940       1251.24536133
1941       1251.70776367
1942       1251.23046875
1943       1250.62817383
1944       1250.69189453
1945       1251.24206543
1946       1251.70471191
1947       1251.22741699
1948       1250.62500000
1949       1250.68872070
1950       1251.23901367
1951       1251.70166016
1952       1251.22436523
1953       1250.62182617
1954       1250.68579102
1955       1251.23596191
1956       1251.69860840
1957       1251.22131348
1958       1250.61889648
1959       1250.68261719
1960       1251.23291016
1961       1251.69555664
1962       1251.21826172
1963       1250.61572266
1964       1250.67956543
1965       1251.22973633
1966       1251.69238281
1967       1251.21508789
1968       1250.61267090
1969       1250.67651367
1970       1251.22668457
1971       1251.68933105
1972       1251.21203613
1973       1250.60961914
1974       1250.67333984
1975       1251.22363281
1976       1251.68627930
1977       1251.20898438
1978       1250.60656738
1979       1250.67028809
1980       1251.22045898
1981       1251.68310547
1982       1251.20581055
1983       1250.60351562
1984       1250.66723633
1985       1251.21740723
1986       1251.68005371
1987       1251.20275879
1988       1250.60034180
1989       1250.66418457
1990       1251.21435547
1991       1251.67700195
1992       1251.19970703
1993       1250.59741211
1994       1250.66113281
1995       1251.21130371
1996       1251.67395020
1997       1251.19677734
1998       1250.59436035
1999       1250.65808105
2000       1251.20825195
2001       1251.67089844
2002       1251.19372559
2003       1250.60375977
2004       1250.73632812
2005       1251.37585449
2006       1252.03186035
2007       1252.00598145
2008       1252.14697266
