0000          0.80436361
0001          4.63427019
0002         17.36101341
0003         41.78591537
0004         87.26491547
0005        148.07601929
0006        244.32545471
0007        345.92224121
0008        433.16613770
0009        531.29162598
0010        631.94982910
0011        769.09448242
0012        900.37805176
0013       1006.33673096
0014       1119.62243652
0015       1232.36645508
0016       1382.61547852
0017       1523.14392090
0018       1635.88317871
0019       1755.35009766
0020       1873.02099609
0021       2029.52185059
0022       2174.20874023
0023       2289.08740234
0024       2410.42407227
0025       2529.65771484
0026       2687.36474609
0027       2831.53662109
0028       2945.08398438
0029       3064.95214844
0030       3182.72070312
0031       3337.89648438
0032       3478.49291992
0033       3588.64672852
0034       3705.15039062
0035       3819.43457031
0036       3969.29638672
0037       4104.24169922
0038       4209.77685547
0039       4321.81396484
0040       4432.00097656
0041       4576.32226562
0042       4705.42675781
0043       4806.18554688
0044       4913.64648438
0045       5019.67382812
0046       5158.34130859
0047       5281.50781250
0048       5377.43212891
0049       5480.24121094
0050       5582.03076172
0051       5714.98730469
0052       5832.22265625
0053       5923.33300781
0054       6021.53710938
0055       6119.12841797
0056       6246.43945312
0057       6357.85595703
0058       6444.25878906
0059       6537.94433594
0060       6631.42578125
0061       6753.21875000
0062       6858.97167969
0063       6940.81054688
0064       7030.11474609
0065       7119.61328125
0066       7236.06835938
0067       7336.36572266
0068       7413.80908203
0069       7498.88916016
0070       7584.54443359
0071       7695.85986328
0072       7790.90917969
0073       7864.12500000
0074       7945.14746094
0075       8027.10644531
0076       8133.48974609
0077       8223.50976562
0078       8292.68750000
0079       8369.81054688
0080       8448.21679688
0081       8549.86718750
0082       8635.07617188
0083       8700.39160156
0084       8773.80859375
0085       8848.86230469
0086       8945.99316406
0087       9026.63281250
0088       9088.25488281
0089       9158.12792969
0090       9229.93945312
0091       9322.76660156
0092       9399.02246094
0093       9457.12402344
0094       9523.61621094
0095       9592.35839844
0096       9681.09179688
0097       9753.18164062
0098       9807.94726562
0099       9871.23437500
0100       9937.03417969
0101      10021.85058594
0102      10089.96679688
0103      10141.54589844
0104      10201.75390625
0105      10264.77148438
0106      10345.87695312
0107      10410.22265625
0108      10458.77050781
0109      10516.07128906
0110      10576.43750000
0111      10653.99414062
0112      10714.75878906
0113      10760.41601562
0114      10814.92773438
0115      10872.76757812
0116      10946.96679688
0117      11004.32910156
0118      11047.23632812
0119      11099.11035156
0120      11154.55566406
0121      11225.54980469
0122      11279.67089844
0123      11319.98339844
0124      11369.35253906
0125      11422.52050781
0126      11490.48730469
0127      11541.52441406
0128      11579.37597656
0129      11626.37011719
0130      11677.35839844
0131      11742.42675781
0132      11790.54980469
0133      11826.04003906
0134      11870.77539062
0135      11919.70800781
0136      11982.03222656
0137      12027.37597656
0138      12060.64941406
0139      12103.25000000
0140      12150.23242188
0141      12209.97070312
0142      12252.68164062
0143      12283.83007812
0144      12324.38964844
0145      12369.51953125
0146      12426.78417969
0147      12467.00585938
0148      12496.14062500
0149      12534.74316406
0150      12578.12109375
0151      12633.03515625
0152      12670.88085938
0153      12698.11718750
0154      12734.89062500
0155      12776.59863281
0156      12829.29003906
0157      12864.87207031
0158      12890.28808594
0159      12925.31347656
0160      12965.42675781
0161      13016.01171875
0162      13049.45996094
0163      13073.15820312
0164      13106.53222656
0165      13145.13183594
0166      13193.70117188
0167      13225.09863281
0168      13247.15917969
0169      13278.97070312
0170      13316.13769531
0171      13362.80371094
0172      13392.30273438
0173      13412.81933594
0174      13443.13183594
0175      13478.92871094
0176      13523.79199219
0177      13551.46289062
0178      13570.51562500
0179      13599.42675781
0180      13633.94531250
0181      13677.09570312
0182      13703.02246094
0183      13720.67578125
0184      13748.23242188
0185      13781.52929688
0186      13823.04687500
0187      13847.34277344
0188      13863.66406250
0189      13889.94531250
0190      13922.08593750
0191      13962.06542969
0192      13984.80273438
0193      13999.88769531
0194      14024.95312500
0195      14056.01367188
0196      14094.52832031
0197      14115.78906250
0198      14129.67968750
0199      14153.60156250
0200      14183.62597656
0201      14220.76464844
0202      14240.63085938
0203      14253.38574219
0204      14276.21972656
0205      14305.24023438
0206      14341.05957031
0207      14359.57812500
0208      14371.25390625
0209      14393.06835938
0210      14421.14062500
0211      14455.71191406
0212      14472.96679688
0213      14483.63769531
0214      14504.45117188
0215      14531.64355469
0216      14565.03222656
0217      14581.07910156
0218      14590.77929688
0219      14610.67285156
0220      14637.02246094
0221      14669.28125000
0222      14684.19433594
0223      14692.97851562
0224      14712.00292969
0225      14737.55273438
0226      14768.73632812
0227      14782.56835938
0228      14790.48339844
0229      14808.67089844
0230      14833.45996094
0231      14863.62988281
0232      14876.44726562
0233      14883.53808594
0234      14900.93652344
0235      14925.01464844
0236      14954.23046875
0237      14966.08593750
0238      14972.39648438
0239      14989.03027344
0240      15012.42187500
0241      15040.74414062
0242      15051.69140625
0243      15057.26171875
0244      15073.17871094
0245      15095.91210938
0246      15123.36621094
0247      15133.43457031
0248      15138.30078125
0249      15153.54589844
0250      15175.66015625
0251      15202.29394531
0252      15211.53417969
0253      15215.73437500
0254      15230.33789062
0255      15251.87304688
0256      15277.74023438
0257      15286.19335938
0258      15289.76367188
0259      15303.76367188
0260      15324.74316406
0261      15349.86718750
0262      15357.56152344
0263      15360.53320312
0264      15373.95703125
0265      15394.41113281
0266      15418.83398438
0267      15425.83593750
0268      15428.24414062
0269      15441.11816406
0270      15461.08300781
0271      15484.84765625
0272      15491.17871094
0273      15493.04687500
0274      15505.39062500
0275      15524.87597656
0276      15548.01855469
0277      15553.70800781
0278      15555.06738281
0279      15566.92089844
0280      15585.96093750
0281      15608.50781250
0282      15613.59863281
0283      15614.47167969
0284      15625.86230469
0285      15644.47558594
0286      15666.44921875
0287      15670.97460938
0288      15671.37402344
0289      15682.32128906
0290      15700.53906250
0291      15721.98242188
0292      15725.95996094
0293      15725.93359375
0294      15736.45703125
0295      15754.28808594
0296      15775.21484375
0297      15778.67968750
0298      15778.22167969
0299      15788.35546875
0300      15805.81835938
0301      15826.25781250
0302      15829.23437500
0303      15828.39062500
0304      15838.13671875
0305      15855.24707031
0306      15875.23437500
0307      15877.75000000
0308      15876.53417969
0309      15885.90722656
0310      15902.70214844
0311      15922.25976562
0312      15924.33398438
0313      15922.76562500
0314      15931.81933594
0315      15948.29687500
0316      15967.43359375
0317      15969.09765625
0318      15967.19824219
0319      15975.91210938
0320      15992.09765625
0321      16010.84667969
0322      16012.11328125
0323      16009.88964844
0324      16018.29589844
0325      16034.20117188
0326      16052.57519531
0327      16053.45507812
0328      16050.93066406
0329      16059.04492188
0330      16074.68945312
0331      16092.71875000
0332      16093.25585938
0333      16090.44921875
0334      16098.29687500
0335      16113.69335938
0336      16131.37109375
0337      16131.57226562
0338      16128.50000000
0339      16136.09082031
0340      16151.24218750
0341      16168.60644531
0342      16168.47265625
0343      16165.13281250
0344      16172.47070312
0345      16187.39062500
0346      16204.45410156
0347      16204.02343750
0348      16200.44140625
0349      16207.54003906
0350      16222.25195312
0351      16239.03710938
0352      16238.32324219
0353      16234.50781250
0354      16241.38964844
0355      16255.90234375
0356      16272.42480469
0357      16271.43164062
0358      16267.40527344
0359      16274.07226562
0360      16288.37695312
0361      16304.62792969
0362      16303.38085938
0363      16299.13183594
0364      16305.59863281
0365      16319.71972656
0366      16335.74121094
0367      16334.23242188
0368      16329.79492188
0369      16336.05566406
0370      16350.01757812
0371      16365.80664062
0372      16364.08007812
0373      16359.45312500
0374      16365.54199219
0375      16379.33203125
0376      16394.90039062
0377      16392.93750000
0378      16388.12304688
0379      16394.03320312
0380      16407.67382812
0381      16423.03125000
0382      16420.86328125
0383      16415.88281250
0384      16421.64843750
0385      16435.12890625
0386      16450.28515625
0387      16447.91406250
0388      16442.78710938
0389      16448.38281250
0390      16461.74023438
0391      16476.70117188
0392      16474.14257812
0393      16468.86718750
0394      16474.32031250
0395      16487.53125000
0396      16502.32617188
0397      16499.58593750
0398      16494.15039062
0399      16499.46484375
0400      16512.54296875
0401      16527.17382812
0402      16524.26953125
0403      16518.68750000
0404      16523.87695312
0405      16536.83593750
0406      16551.29101562
0407      16548.22070312
0408      16542.52539062
0409      16547.57617188
0410      16560.42187500
0411      16574.73632812
0412      16571.51757812
0413      16565.68359375
0414      16570.60937500
0415      16583.34960938
0416      16597.52148438
0417      16594.14843750
0418      16588.19921875
0419      16593.01953125
0420      16605.65820312
0421      16619.67968750
0422      16616.16406250
0423      16610.11328125
0424      16614.82031250
0425      16627.35742188
0426      16641.25390625
0427      16637.61132812
0428      16631.43750000
0429      16636.03515625
0430      16648.48046875
0431      16662.24609375
0432      16658.46484375
0433      16652.19726562
0434      16656.70703125
0435      16669.05859375
0436      16682.71093750
0437      16678.81054688
0438      16672.44335938
0439      16676.85546875
0440      16689.12304688
0441      16702.65625000
0442      16698.65625000
0443      16692.20312500
0444      16696.53320312
0445      16708.72851562
0446      16722.16015625
0447      16718.06640625
0448      16711.52148438
0449      16715.76757812
0450      16727.88281250
0451      16741.21875000
0452      16737.00976562
0453      16730.39062500
0454      16734.57031250
0455      16746.61523438
0456      16759.85742188
0457      16755.55468750
0458      16748.85742188
0459      16752.95898438
0460      16764.93359375
0461      16778.07812500
0462      16773.68945312
0463      16766.91992188
0464      16770.93750000
0465      16782.85156250
0466      16795.90820312
0467      16791.42968750
0468      16784.57421875
0469      16788.52734375
0470      16800.38867188
0471      16813.36328125
0472      16808.78710938
0473      16801.88281250
0474      16805.78320312
0475      16817.58007812
0476      16830.49023438
0477      16825.84179688
0478      16818.86523438
0479      16822.70117188
0480      16834.43359375
0481      16847.26367188
0482      16842.53710938
0483      16835.50000000
0484      16839.26953125
0485      16850.94921875
0486      16863.71093750
0487      16858.90820312
0488      16851.81250000
0489      16855.52929688
0490      16867.16406250
0491      16879.85546875
0492      16874.98828125
0493      16867.84375000
0494      16871.50976562
0495      16883.09375000
0496      16895.71679688
0497      16890.78906250
0498      16883.58593750
0499      16887.19921875
0500      16898.73828125
0501      16911.30664062
0502      16906.32812500
0503      16899.07617188
0504      16902.64257812
0505      16914.13867188
0506      16926.64843750
0507      16921.60156250
0508      16914.30468750
0509      16917.82812500
0510      16929.27539062
0511      16941.72656250
0512      16936.60937500
0513      16929.26171875
0514      16932.73828125
0515      16944.14648438
0516      16956.54296875
0517      16951.38281250
0518      16943.99414062
0519      16947.42382812
0520      16958.78906250
0521      16971.13476562
0522      16965.92968750
0523      16958.50000000
0524      16961.89648438
0525      16973.23046875
0526      16985.51757812
0527      16980.26562500
0528      16972.80859375
0529      16976.17187500
0530      16987.47265625
0531      16999.71484375
0532      16994.41406250
0533      16986.92773438
0534      16990.25000000
0535      17001.52734375
0536      17013.72460938
0537      17008.38281250
0538      17000.85156250
0539      17004.13281250
0540      17015.39062500
0541      17027.55859375
0542      17022.16601562
0543      17014.59179688
0544      17017.84375000
0545      17029.05273438
0546      17041.17578125
0547      17035.74804688
0548      17028.14453125
0549      17031.37109375
0550      17042.55273438
0551      17054.63867188
0552      17049.17187500
0553      17041.54101562
0554      17044.75000000
0555      17055.90625000
0556      17067.95312500
0557      17062.44531250
0558      17054.78710938
0559      17057.96875000
0560      17069.08984375
0561      17081.10546875
0562      17075.56445312
0563      17067.87890625
0564      17071.03515625
0565      17082.13476562
0566      17094.11914062
0567      17088.54492188
0568      17080.83593750
0569      17083.96093750
0570      17095.04101562
0571      17106.99609375
0572      17101.38867188
0573      17093.64453125
0574      17096.73828125
0575      17107.79492188
0576      17119.71679688
0577      17114.08203125
0578      17106.31250000
0579      17109.38085938
0580      17120.41796875
0581      17132.31445312
0582      17126.64843750
0583      17118.85156250
0584      17121.89257812
0585      17132.90820312
0586      17144.77539062
0587      17139.08398438
0588      17131.25195312
0589      17134.26562500
0590      17145.26171875
0591      17157.09765625
0592      17151.38085938
0593      17143.53320312
0594      17146.52929688
0595      17157.50976562
0596      17169.31835938
0597      17163.57812500
0598      17155.71875000
0599      23062.44335938
0600      23071.21484375
0601      23080.08007812
0602      23071.31640625
0603      23061.01953125
0604      23061.62304688
0605      23070.40234375
0606      23079.27148438
0607      23070.50781250
0608      23060.21093750
0609      23060.81250000
0610      23069.58593750
0611      23078.45117188
0612      23069.69140625
0613      23059.39257812
0614      23059.99804688
0615      23068.77343750
0616      23077.63476562
0617      23068.87304688
0618      23058.57421875
0619      23059.17773438
0620      23067.94726562
0621      23076.80859375
0622      23068.04296875
0623      23057.74218750
0624      23058.34960938
0625      23067.11718750
0626      23075.98242188
0627      23067.22460938
0628      23056.92187500
0629      23057.52343750
0630      23066.29296875
0631      23075.16015625
0632      23066.41015625
0633      23056.09765625
0634      23056.69921875
0635      23065.46289062
0636      23074.32421875
0637      23065.57031250
0638      23055.26367188
0639      23055.86523438
0640      23064.63281250
0641      23073.49023438
0642      23064.73437500
0643      23054.43164062
0644      23055.03125000
0645      23063.79882812
0646      23072.65625000
0647      23063.89648438
0648      23053.59570312
0649      23054.19726562
0650      23062.96484375
0651      23071.82031250
0652      23063.05468750
0653      23052.75585938
0654      23053.34960938
0655      23062.11718750
0656      23070.96093750
0657      23062.19335938
0658      23051.88867188
0659      23052.47851562
0660      23061.25000000
0661      23070.08789062
0662      23061.31054688
0663      23051.00390625
0664      23051.58984375
0665      23060.35156250
0666      23069.19140625
0667      23060.41796875
0668      23050.10742188
0669      23050.68359375
0670      23059.44531250
0671      23068.26953125
0672      23059.47851562
0673      23049.16796875
0674      23049.74218750
0675      23058.50000000
0676      23067.31640625
0677      23058.51953125
0678      23048.21484375
0679      23048.78710938
0680      23057.52929688
0681      23066.34375000
0682      23057.55468750
0683      23047.24609375
0684      23047.80664062
0685      23056.53515625
0686      23065.35546875
0687      23056.56445312
0688      23046.24609375
0689      23046.80468750
0690      23055.53515625
0691      23064.33984375
0692      23055.54492188
0693      23045.21093750
0694      23045.76171875
0695      23054.48242188
0696      23063.27734375
0697      23054.48046875
0698      23044.15039062
0699      23044.70117188
0700      23053.41601562
0701      23062.20117188
0702      23053.40039062
0703      23043.07031250
0704      23043.61914062
0705      23052.31835938
0706      23061.09960938
0707      23052.29101562
0708      23041.96289062
0709      23042.51171875
0710      23051.19921875
0711      23059.97656250
0712      23051.16406250
0713      23040.83203125
0714      23041.37109375
0715      23050.04492188
0716      23058.80859375
0717      23049.99218750
0718      23039.64648438
0719      23040.18750000
0720      23048.86523438
0721      23057.62500000
0722      23048.79687500
0723      23038.45117188
0724      23038.98437500
0725      23047.65820312
0726      23056.41406250
0727      23047.58593750
0728      23037.23828125
0729      23037.75781250
0730      23046.42773438
0731      23055.17187500
0732      23046.33593750
0733      23035.99609375
0734      23036.51953125
0735      23045.18750000
0736      23053.92968750
0737      23045.09179688
0738      23034.74414062
0739      23035.26562500
0740      23043.93554688
0741      23052.66406250
0742      23043.82031250
0743      23033.46679688
0744      23033.98828125
0745      23042.66210938
0746      23051.38085938
0747      23042.52734375
0748      23032.16601562
0749      23032.66992188
0750      23041.33984375
0751      23050.04296875
0752      23041.17773438
0753      23030.81250000
0754      23031.31640625
0755      23039.98046875
0756      23048.67382812
0757      23039.79687500
0758      23029.42578125
0759      23029.90429688
0760      23038.55078125
0761      23047.23437500
0762      23038.35937500
0763      23027.98437500
0764      23028.46093750
0765      23037.09960938
0766      23045.77734375
0767      23036.88476562
0768      23026.50390625
0769      23026.98046875
0770      23035.60742188
0771      23044.26953125
0772      23035.37109375
0773      23024.98242188
0774      23025.45898438
0775      23034.07421875
0776      23042.71875000
0777      23033.81835938
0778      23023.42187500
0779      23023.89257812
0780      23032.50195312
0781      23041.13281250
0782      23032.22656250
0783      23021.83203125
0784      23022.28906250
0785      23030.88671875
0786      23039.51953125
0787      23030.60742188
0788      23020.19531250
0789      23020.64062500
0790      23029.23046875
0791      23037.84765625
0792      23028.93750000
0793      23018.51367188
0794      23018.95312500
0795      23027.53710938
0796      23036.15234375
0797      23027.23046875
0798      23016.79882812
0799      23017.23046875
0800      23025.80859375
0801      23034.41601562
0802      23025.49414062
0803      23015.06640625
0804      23015.48632812
0805      23024.06250000
0806      23032.67187500
0807      23023.75195312
0808      23013.30859375
0809      23013.72656250
0810      23022.29296875
0811      23030.89648438
0812      23021.96679688
0813      23011.52539062
0814      23011.94921875
0815      23020.50000000
0816      23029.09570312
0817      23020.16210938
0818      23009.72656250
0819      23010.14062500
0820      23018.68750000
0821      23027.26953125
0822      23018.32421875
0823      23007.88671875
0824      23008.30273438
0825      23016.84179688
0826      23025.41015625
0827      23016.44726562
0828      23005.99804688
0829      23006.40039062
0830      23014.93164062
0831      23023.49414062
0832      23014.51757812
0833      23004.06835938
0834      23004.47851562
0835      23013.00195312
0836      23021.55078125
0837      23012.56640625
0838      23002.11523438
0839      23002.51953125
0840      23011.03125000
0841      23019.57226562
0842      23010.58593750
0843      23000.14257812
0844      23000.54296875
0845      23009.03906250
0846      23017.56445312
0847      23008.57421875
0848      22998.13085938
0849      22998.52343750
0850      23007.01953125
0851      23015.53906250
0852      23006.54687500
0853      22996.09765625
0854      22996.46875000
0855      23004.95507812
0856      23013.46484375
0857      23004.46484375
0858      22994.00976562
0859      22994.37500000
0860      23002.86132812
0861      23011.35546875
0862      23002.35546875
0863      22991.88671875
0864      22992.23437500
0865      23000.71484375
0866      23009.19921875
0867      23000.19921875
0868      22989.72656250
0869      22990.06640625
0870      22998.54101562
0871      23007.02148438
0872      22998.00585938
0873      22987.54296875
0874      22987.87109375
0875      22996.33593750
0876      23004.80859375
0877      22995.79296875
0878      22985.32617188
0879      22985.66210938
0880      22994.11328125
0881      23002.57421875
0882      22993.56054688
0883      22983.08593750
0884      22983.41796875
0885      22991.85742188
0886      23000.32031250
0887      22991.30664062
0888      22980.84179688
0889      22981.16601562
0890      22989.60156250
0891      22998.05078125
0892      22989.03125000
0893      22978.55468750
0894      22978.87109375
0895      22987.30273438
0896      22995.74609375
0897      22986.71289062
0898      22976.21875000
0899      22976.53125000
0900      22984.94531250
0901      22993.37890625
0902      22984.34375000
0903      22973.85546875
0904      22974.15625000
0905      22982.57421875
0906      22991.00000000
0907      22981.96484375
0908      22971.46484375
0909      22971.75781250
0910      22980.16015625
0911      22988.59179688
0912      22979.53125000
0913      22969.02539062
0914      22969.31640625
0915      22977.71093750
0916      22986.14062500
0917      22977.08203125
0918      22966.58398438
0919      22966.87500000
0920      22975.27734375
0921      22983.69726562
0922      22974.64648438
0923      22964.14453125
0924      22964.43554688
0925      22972.83398438
0926      22981.25781250
0927      22972.21289062
0928      22961.71484375
0929      22962.01171875
0930      22970.40625000
0931      22978.81250000
0932      22969.76367188
0933      22959.25390625
0934      22959.54101562
0935      22967.94140625
0936      22976.33593750
0937      22967.28515625
0938      22956.77734375
0939      22957.06054688
0940      22965.45312500
0941      22973.84375000
0942      22964.78125000
0943      22954.27343750
0944      22954.55078125
0945      22962.94140625
0946      22971.32812500
0947      22962.26757812
0948      22951.76757812
0949      22952.04101562
0950      22960.43164062
0951      22968.81835938
0952      22959.75000000
0953      22949.25585938
0954      22949.53125000
0955      22957.91406250
0956      22966.29687500
0957      22957.24218750
0958      22946.74609375
0959      22947.01562500
0960      22955.39843750
0961      22963.77343750
0962      22954.71484375
0963      22944.21679688
0964      22944.47851562
0965      22952.85546875
0966      22961.22851562
0967      22952.17773438
0968      22941.67968750
0969      22941.94921875
0970      22950.31640625
0971      22958.69140625
0972      22949.62695312
0973      22939.12695312
0974      22939.39257812
0975      22947.75781250
0976      22956.13085938
0977      22947.07421875
0978      22936.58007812
0979      22936.85156250
0980      22945.22070312
0981      22953.59179688
0982      22944.53710938
0983      22934.04492188
0984      22934.32226562
0985      22942.68359375
0986      22951.04882812
0987      22941.99218750
0988      22931.50390625
0989      22931.77734375
0990      22940.14648438
0991      22948.51953125
0992      22939.45703125
0993      22928.97460938
0994      22929.26171875
0995      22937.64453125
0996      22946.00585938
0997      22936.95703125
0998      22926.46875000
0999      22926.75390625
1000      22935.11328125
1001      22943.46484375
1002      22934.43750000
1003      22923.95117188
1004      22924.22851562
1005      22932.58984375
1006      22940.94531250
1007      22931.91015625
1008      22921.42578125
1009      22921.70507812
1010      22930.07031250
1011      22938.41992188
1012      22929.38867188
1013      22918.91796875
1014      22919.19726562
1015      22927.55859375
1016      22935.91406250
1017      22926.89062500
1018      22916.42187500
1019      22916.70703125
1020      22925.06640625
1021      22933.43359375
1022      22924.41015625
1023      22913.95507812
1024      22914.24023438
1025      22922.60937500
1026      22930.97265625
1027      22921.94140625
1028      22911.50195312
1029      22911.78710938
1030      22920.17187500
1031      22928.53710938
1032      22919.50390625
1033      22909.05664062
1034      22909.35937500
1035      22917.73828125
1036      22926.10546875
1037      22917.07617188
1038      22906.63281250
1039      22906.93554688
1040      22915.30468750
1041      22923.66992188
1042      22914.65234375
1043      22904.21093750
1044      22904.51953125
1045      22912.89257812
1046      22921.24804688
1047      22912.23828125
1048      22901.80078125
1049      22902.10546875
1050      22910.47265625
1051      22918.83203125
1052      22909.82617188
1053      22899.39843750
1054      22899.69335938
1055      22908.06445312
1056      22916.43945312
1057      22907.44921875
1058      22897.02343750
1059      22897.32031250
1060      22905.69726562
1061      22914.07812500
1062      22905.10546875
1063      22894.68554688
1064      22894.98046875
1065      22903.36328125
1066      22911.75000000
1067      22902.79296875
1068      22892.37695312
1069      22892.68750000
1070      22901.07617188
1071      22909.46875000
1072      22900.51171875
1073      22890.10156250
1074      22890.41796875
1075      22898.80859375
1076      22907.19921875
1077      22898.25000000
1078      22887.84960938
1079      22888.16406250
1080      22896.55468750
1081      22904.94726562
1082      22895.99414062
1083      22885.59765625
1084      22885.93164062
1085      22894.32031250
1086      22902.71093750
1087      22893.75781250
1088      22883.37304688
1089      22883.71093750
1090      22892.10351562
1091      22900.49609375
1092      22891.54687500
1093      22881.16601562
1094      22881.51953125
1095      22889.91796875
1096      22898.31835938
1097      22889.37500000
1098      22879.00390625
1099      22879.34960938
1100      22887.75000000
1101      22896.16992188
1102      22887.23437500
1103      22876.86914062
1104      22877.21875000
1105      22885.63085938
1106      22894.05273438
1107      22885.12109375
1108      22874.76171875
1109      22875.11328125
1110      22883.52539062
1111      22891.95312500
1112      22883.03125000
1113      22872.67382812
1114      22873.03125000
1115      22881.44140625
1116      22889.86914062
1117      22880.94921875
1118      22870.59570312
1119      22870.96679688
1120      22879.37109375
1121      22887.79882812
1122      22878.88867188
1123      22868.53906250
1124      22868.91406250
1125      22877.32421875
1126      22885.75781250
1127      22876.85742188
1128      22866.52148438
1129      22866.89648438
1130      22875.30859375
1131      22883.75000000
1132      22874.85546875
1133      22864.53125000
1134      22864.91406250
1135      22873.32812500
1136      22881.76367188
1137      22872.87890625
1138      22862.55664062
1139      22862.94335938
1140      22871.36914062
1141      22879.81835938
1142      22870.95312500
1143      22860.63867188
1144      22861.02929688
1145      22869.45703125
1146      22877.91406250
1147      22869.06640625
1148      22858.75781250
1149      22859.15234375
1150      22867.58984375
1151      22876.04492188
1152      22867.20703125
1153      22856.91015625
1154      22857.30468750
1155      22865.75781250
1156      22874.23437500
1157      22865.41015625
1158      22855.12109375
1159      22855.51757812
1160      22863.97265625
1161      22872.45703125
1162      22863.63671875
1163      22853.35351562
1164      22853.76171875
1165      22862.22265625
1166      22870.71093750
1167      22861.89062500
1168      22851.62109375
1169      22852.03710938
1170      22860.50195312
1171      22869.00976562
1172      22860.19140625
1173      22849.92773438
1174      22850.34179688
1175      22858.80468750
1176      22867.31835938
1177      22858.50976562
1178      22848.25585938
1179      22848.67773438
1180      22857.14843750
1181      22865.67187500
1182      22856.86523438
1183      22846.61914062
1184      22847.04882812
1185      22855.52148438
1186      22864.03906250
1187      22855.24218750
1188      22845.00781250
1189      22845.44335938
1190      22853.92187500
1191      22862.44140625
1192      22853.65820312
1193      22843.42578125
1194      22843.87304688
1195      22852.35742188
1196      22860.88085938
1197      22852.10546875
1198      22841.86914062
1199      22842.32421875
1200      22850.82031250
1201      22859.35156250
1202      22850.58203125
1203      22840.35351562
1204      22840.81640625
1205      22849.31054688
1206      22857.85351562
1207      22849.09570312
1208      22838.87109375
1209      22839.33984375
1210      22847.83984375
1211      22856.38476562
1212      22847.63281250
1213      22837.41406250
1214      22837.89062500
1215      22846.39453125
1216      22854.94921875
1217      22846.20703125
1218      22835.99023438
1219      22836.47265625
1220      22844.98437500
1221      22853.54296875
1222      22844.81445312
1223      22834.60351562
1224      22835.08984375
1225      22843.60351562
1226      22852.17968750
1227      22843.45703125
1228      22833.24609375
1229      22833.73046875
1230      22842.25000000
1231      22850.82421875
1232      22842.10546875
1233      22831.90625000
1234      22832.39843750
1235      22840.92382812
1236      22849.51171875
1237      22840.79296875
1238      22830.59375000
1239      22831.09375000
1240      22839.61718750
1241      22848.20703125
1242      22839.49218750
1243      22829.28906250
1244      22829.79296875
1245      22838.32031250
1246      22846.92187500
1247      22838.21875000
1248      22828.01757812
1249      22828.52734375
1250      22837.05664062
1251      22845.66210938
1252      22836.95898438
1253      22826.76757812
1254      22827.28320312
1255      22835.81250000
1256      22844.42187500
1257      22835.73046875
1258      22825.54687500
1259      22826.06445312
1260      22834.59765625
1261      22843.21093750
1262      22834.52929688
1263      22824.35156250
1264      22824.87109375
1265      22833.40234375
1266      22842.02148438
1267      22833.34179688
1268      22823.17187500
1269      22823.69335938
1270      22832.23046875
1271      22840.84960938
1272      22832.17578125
1273      22822.01367188
1274      22822.54296875
1275      22831.09375000
1276      22839.72070312
1277      22831.05078125
1278      22820.89257812
1279      22821.43359375
1280      22829.98437500
1281      22838.61718750
1282      22829.94921875
1283      22819.79296875
1284      22820.33398438
1285      22828.88671875
1286      22837.52734375
1287      22828.86523438
1288      22818.71679688
1289      22819.26562500
1290      22827.81835938
1291      22836.46679688
1292      22827.81640625
1293      22817.67578125
1294      22818.23046875
1295      22826.79296875
1296      22835.44531250
1297      22826.78906250
1298      22816.65234375
1299      22817.21093750
1300      22825.76953125
1301      22834.42578125
1302      22825.77929688
1303      22815.65234375
1304      22816.21484375
1305      22824.77734375
1306      22833.43750000
1307      22824.79296875
1308      22814.67578125
1309      22815.23828125
1310      22823.80468750
1311      22832.47460938
1312      22823.83203125
1313      22813.71875000
1314      22814.28906250
1315      22822.85546875
1316      22831.52734375
1317      22822.89843750
1318      22812.78906250
1319      22813.35742188
1320      22821.92578125
1321      22830.59375000
1322      22821.96875000
1323      22811.86718750
1324      22812.44140625
1325      22821.01367188
1326      22829.68750000
1327      22821.06445312
1328      22810.96484375
1329      22811.53906250
1330      22820.11523438
1331      22828.79296875
1332      22820.17578125
1333      22810.07812500
1334      22810.64843750
1335      22819.22265625
1336      22827.90234375
1337      22819.29101562
1338      22809.19531250
1339      22809.76953125
1340      22818.35156250
1341      22827.03125000
1342      22818.42578125
1343      22808.33203125
1344      22808.91015625
1345      22817.49218750
1346      22826.17773438
1347      22817.57812500
1348      22807.49023438
1349      22808.07421875
1350      22816.65429688
1351      22825.34179688
1352      22816.74414062
1353      22806.66210938
1354      22807.24804688
1355      22815.83203125
1356      22824.52343750
1357      22815.92968750
1358      22805.84960938
1359      22806.43945312
1360      22815.03125000
1361      22823.72656250
1362      22815.13671875
1363      22805.06054688
1364      22805.65234375
1365      22814.24804688
1366      22822.94921875
1367      22814.36328125
1368      22804.29101562
1369      22804.88867188
1370      22813.48437500
1371      22822.18750000
1372      22813.60742188
1373      22803.53906250
1374      22804.13671875
1375      22812.73828125
1376      22821.44921875
1377      22812.87500000
1378      22802.80859375
1379      22803.41796875
1380      22812.01562500
1381      22820.72656250
1382      22812.15039062
1383      22802.08789062
1384      22802.69726562
1385      22811.30078125
1386      22820.01562500
1387      22811.44726562
1388      22801.38476562
1389      22801.99609375
1390      22810.59765625
1391      22819.32031250
1392      22810.75390625
1393      22800.69531250
1394      22801.30664062
1395      22809.91796875
1396      22818.64062500
1397      22810.07617188
1398      22800.01953125
1399      22800.63476562
1400      22809.24609375
1401      22817.97070312
1402      22809.41015625
1403      22799.35742188
1404      22799.97656250
1405      22808.58593750
1406      22817.31835938
1407      22808.75781250
1408      22798.70703125
1409      22799.33203125
1410      22807.94531250
1411      22816.67578125
1412      22808.12500000
1413      22798.07812500
1414      22798.70312500
1415      22807.32031250
1416      22816.05468750
1417      22807.50390625
1418      22797.45703125
1419      22798.08789062
1420      22806.70898438
1421      22815.44726562
1422      22806.89843750
1423      22796.85156250
1424      22797.48242188
1425      22806.10742188
1426      22814.84960938
1427      22806.31054688
1428      22796.26562500
1429      22796.89843750
1430      22805.52343750
1431      22814.26562500
1432      22805.72851562
1433      22795.68359375
1434      22796.32421875
1435      22804.94921875
1436      22813.69531250
1437      22805.16210938
1438      22795.12109375
1439      22795.76367188
1440      22804.39062500
1441      22813.14062500
1442      22804.60742188
1443      22794.56640625
1444      22795.20898438
1445      22803.83593750
1446      22812.59179688
1447      22804.06250000
1448      22794.01953125
1449      22794.66601562
1450      22803.29687500
1451      22812.05468750
1452      22803.53320312
1453      22793.49218750
1454      22794.13671875
1455      22802.77148438
1456      22811.53125000
1457      22803.01562500
1458      22792.98046875
1459      22793.63281250
1460      22802.26953125
1461      22811.03515625
1462      22802.52343750
1463      22792.49414062
1464      22793.14843750
1465      22801.78515625
1466      22810.55078125
1467      22802.04492188
1468      22792.01562500
1469      22792.67187500
1470      22801.31250000
1471      22810.08007812
1472      22801.57421875
1473      22791.54296875
1474      22792.19921875
1475      22800.83984375
1476      22809.60937500
1477      22801.10351562
1478      22791.07421875
1479      22791.73046875
1480      22800.37500000
1481      22809.14453125
1482      22800.64257812
1483      22790.61132812
1484      22791.27148438
1485      22799.91796875
1486      22808.69140625
1487      22800.18945312
1488      22790.16406250
1489      22790.82421875
1490      22799.47265625
1491      22808.25000000
1492      22799.75390625
1493      22789.72851562
1494      22790.39062500
1495      22799.03906250
1496      22807.82031250
1497      22799.32812500
1498      22789.30273438
1499      22701.10742188
1500      22709.69921875
1501      22718.40429688
1502      22709.83789062
1503      22699.75781250
1504      22700.34570312
1505      22708.94531250
1506      22717.65820312
1507      22709.09960938
1508      22699.02539062
1509      22699.61328125
1510      22708.21484375
1511      22716.93554688
1512      22708.38085938
1513      22698.31640625
1514      22698.91015625
1515      22707.52148438
1516      22716.24804688
1517      22707.70507812
1518      22697.64843750
1519      22698.25195312
1520      22706.86718750
1521      22715.59960938
1522      22707.06054688
1523      22697.00781250
1524      22697.62109375
1525      22706.24023438
1526      22714.97851562
1527      22706.44921875
1528      22696.40039062
1529      22697.02148438
1530      22705.64843750
1531      22714.39257812
1532      22705.86718750
1533      22695.81835938
1534      22696.44726562
1535      22705.07812500
1536      22713.82421875
1537      22705.30664062
1538      22695.25976562
1539      22695.89062500
1540      22704.52734375
1541      22713.27734375
1542      22704.76562500
1543      22694.72265625
1544      22695.36523438
1545      22704.00585938
1546      22712.76171875
1547      22704.25585938
1548      22694.21679688
1549      22694.85937500
1550      22703.50195312
1551      22712.26562500
1552      22703.76171875
1553      22693.72265625
1554      22694.36914062
1555      22703.01562500
1556      22711.78906250
1557      22703.29492188
1558      22693.25585938
1559      22693.90625000
1560      22702.55859375
1561      22711.33593750
1562      22702.84375000
1563      22692.81640625
1564      22693.47265625
1565      22702.12890625
1566      22710.91406250
1567      22702.43164062
1568      22692.40820312
1569      22693.06445312
1570      22701.72460938
1571      22710.51562500
1572      22702.03515625
1573      22692.01171875
1574      22692.67382812
1575      22701.33789062
1576      22710.13085938
1577      22701.65625000
1578      22691.63476562
1579      22692.29882812
1580      22700.96679688
1581      22709.76367188
1582      22701.29101562
1583      22691.27539062
1584      22691.94335938
1585      22700.61718750
1586      22709.41992188
1587      22700.95117188
1588      22690.93750000
1589      22691.61132812
1590      22700.28515625
1591      22709.09179688
1592      22700.62890625
1593      22690.61718750
1594      22691.29492188
1595      22699.97656250
1596      22708.78320312
1597      22700.32421875
1598      22690.31640625
1599      22690.99609375
1600      22699.68359375
1601      22708.49414062
1602      22700.03906250
1603      22690.03515625
1604      22690.71484375
1605      22699.40429688
1606      22708.22070312
1607      22699.76953125
1608      22689.76562500
1609      22690.44921875
1610      22699.14062500
1611      22707.96093750
1612      22699.51171875
1613      22689.50976562
1614      22690.19531250
1615      22698.88867188
1616      22707.71484375
1617      22699.26562500
1618      22689.26757812
1619      22689.95507812
1620      22698.64843750
1621      22707.47851562
1622      22699.03515625
1623      22689.04296875
1624      22689.73046875
1625      22698.42773438
1626      22707.26171875
1627      22698.81640625
1628      22688.82617188
1629      22689.51562500
1630      22698.21289062
1631      22707.05078125
1632      22698.60742188
1633      22688.62109375
1634      22689.30859375
1635      22698.00390625
1636      22706.84570312
1637      22698.40625000
1638      22688.41992188
1639      22689.10742188
1640      22697.80468750
1641      22706.64648438
1642      22698.20703125
1643      22688.22265625
1644      22688.91210938
1645      22697.60937500
1646      22706.45507812
1647      22698.01757812
1648      22688.03320312
1649      22688.72265625
1650      22697.42187500
1651      22706.27148438
1652      22697.83789062
1653      22687.85546875
1654      22688.54492188
1655      22697.24609375
1656      22706.09960938
1657      22697.66796875
1658      22687.68359375
1659      22688.37500000
1660      22697.07812500
1661      22705.93164062
1662      22697.50195312
1663      22687.51953125
1664      22688.21679688
1665      22696.92187500
1666      22705.77148438
1667      22697.34375000
1668      22687.36328125
1669      22688.06445312
1670      22696.76757812
1671      22705.61523438
1672      22697.19140625
1673      22687.21093750
1674      22687.91406250
1675      22696.61718750
1676      22705.46484375
1677      22697.03906250
1678      22687.06054688
1679      22687.76171875
1680      22696.46875000
1681      22705.31640625
1682      22696.89453125
1683      22686.91601562
1684      22687.61718750
1685      22696.32421875
1686      22705.17578125
1687      22696.75195312
1688      22686.77734375
1689      22687.47656250
1690      22696.18359375
1691      22705.03515625
1692      22696.61132812
1693      22686.63671875
1694      22687.33789062
1695      22696.04492188
1696      22704.89843750
1697      22696.47851562
1698      22686.50781250
1699      22687.21093750
1700      22695.91796875
1701      22704.77343750
1702      22696.35546875
1703      22686.38476562
1704      22687.08984375
1705      22695.79687500
1706      22704.65625000
1707      22696.23828125
1708      22686.26953125
1709      22686.97265625
1710      22695.68164062
1711      22704.54101562
1712      22696.12500000
1713      22686.15429688
1714      22686.86328125
1715      22695.57226562
1716      22704.43164062
1717      22696.01757812
1718      22686.05078125
1719      22686.75781250
1720      22695.46679688
1721      22704.32812500
1722      22695.91796875
1723      22685.94921875
1724      22686.65820312
1725      22695.36718750
1726      22704.23046875
1727      22695.82031250
1728      22685.85156250
1729      22686.56250000
1730      22695.27148438
1731      22704.13476562
1732      22695.72851562
1733      22685.75976562
1734      22686.47265625
1735      22695.17968750
1736      22704.04687500
1737      22695.64062500
1738      22685.67187500
1739      22686.38671875
1740      22695.09375000
1741      22703.96289062
1742      22695.55859375
1743      22685.59375000
1744      22686.30859375
1745      22695.01757812
1746      22703.88476562
1747      22695.48046875
1748      22685.51562500
1749      22686.23242188
1750      22694.94531250
1751      22703.81445312
1752      22695.40820312
1753      22685.44531250
1754      22686.16210938
1755      22694.87500000
1756      22703.74414062
1757      22695.33593750
1758      22685.37500000
1759      22686.09179688
1760      22694.80468750
1761      22703.67187500
1762      22695.26757812
1763      22685.30859375
1764      22686.02539062
1765      22694.73828125
1766      22703.60937500
1767      22695.20312500
1768      22685.24218750
1769      22685.96093750
1770      22694.67578125
1771      22703.54687500
1772      22695.14062500
1773      22685.18164062
1774      22685.89843750
1775      22694.61914062
1776      22703.48828125
1777      22695.08398438
1778      22685.12500000
1779      22685.84179688
1780      22694.56054688
1781      22703.43359375
1782      22695.02734375
1783      22685.07031250
1784      22685.78906250
1785      22694.50781250
1786      22703.38085938
1787      22694.97656250
1788      22685.01953125
1789      22685.73828125
1790      22694.45703125
1791      22703.32812500
1792      22694.92578125
1793      22684.96875000
1794      22685.68750000
1795      22694.40625000
1796      22703.27929688
1797      22694.87695312
1798      22684.92187500
1799      22685.64062500
1800      22694.35937500
1801      22703.23242188
1802      22694.83203125
1803      22684.87695312
1804      22685.59765625
1805      22694.31640625
1806      22703.19140625
1807      22694.78906250
1808      22684.83593750
1809      22685.55664062
1810      22694.27539062
1811      22703.15234375
1812      22694.75390625
1813      22684.79687500
1814      22685.51953125
1815      22694.24023438
1816      22703.11718750
1817      22694.72070312
1818      22684.76562500
1819      22685.48828125
1820      22694.20898438
1821      22703.08789062
1822      22694.69140625
1823      22684.73828125
1824      22685.46093750
1825      22694.17968750
1826      22703.05859375
1827      22694.66406250
1828      22684.70898438
1829      22685.43164062
1830      22694.15039062
1831      22703.02929688
1832      22694.63476562
1833      22684.67968750
1834      22685.40234375
1835      22694.11718750
1836      22702.99804688
1837      22694.60156250
1838      22684.64843750
1839      22685.37109375
1840      22694.08789062
1841      22702.96679688
1842      22694.57226562
1843      22684.61718750
1844      22685.33984375
1845      22694.05664062
1846      22702.93750000
1847      22694.54296875
1848      22684.58984375
1849      22685.31250000
1850      22694.02929688
1851      22702.91210938
1852      22694.51953125
1853      22684.56640625
1854      22685.28906250
1855      22694.00781250
1856      22702.89257812
1857      22694.50195312
1858      22684.54882812
1859      22685.27148438
1860      22693.99218750
1861      22702.87695312
1862      22694.48632812
1863      22684.53320312
1864      22685.25781250
1865      22693.97656250
1866      22702.86132812
1867      22694.47265625
1868      22684.52148438
1869      22685.24414062
1870      22693.96289062
1871      22702.84765625
1872      22694.45898438
1873      22684.50585938
1874      22685.23046875
1875      22693.94921875
1876      22702.83203125
1877      22694.44531250
1878      22684.49218750
1879      22685.21679688
1880      22693.93554688
1881      22702.82031250
1882      22694.43359375
1883      22684.48046875
1884      22685.20507812
1885      22693.92578125
1886      22702.80859375
1887      22694.42187500
1888      22684.47070312
1889      22685.19531250
1890      22693.91406250
1891      22702.79882812
1892      22694.41210938
1893      22684.46093750
1894      22685.18359375
1895      22693.90429688
1896      22702.78906250
1897      22694.40234375
1898      22684.44921875
1899      22685.17382812
1900      22693.89453125
1901      22702.77734375
1902      22694.39062500
1903      22684.44140625
1904      22685.16406250
1905      22693.88476562
1906      22702.76953125
1907      22694.38281250
1908      22684.43164062
1909      22685.15820312
1910      22693.87890625
1911      22702.76367188
1912      22694.37500000
1913      22684.42578125
1914      22685.15039062
1915      22693.87109375
1916      22702.75781250
1917      22694.36914062
1918      22684.41992188
1919      22685.14648438
1920      22693.86914062
1921      22702.75585938
1922      22694.36718750
1923      22684.41796875
1924      22685.14453125
1925      22693.86718750
1926      22702.75781250
1927      22694.37109375
1928      22684.42382812
1929      22685.15039062
1930      22693.87304688
1931      22702.76367188
1932      22694.37695312
1933      22684.43164062
1934      22685.16015625
1935      22693.88281250
1936      22702.77148438
1937      22694.38671875
1938      22684.44140625
1939      22685.16992188
1940      22693.89257812
1941      22702.78320312
1942      22694.39843750
1943      22684.45312500
1944      22685.18359375
1945      22693.90625000
1946      22702.79687500
1947      22694.41406250
1948      22684.46875000
1949      22685.19726562
1950      22693.92187500
1951      22702.81054688
1952      22694.42773438
1953      22684.48437500
1954      22685.21289062
1955      22693.93750000
1956      22702.82421875
1957      22694.44140625
1958      22684.49804688
1959      22685.22656250
1960      22693.94921875
1961      22702.83789062
1962      22694.45507812
1963      22684.51171875
1964      22685.23828125
1965      22693.96093750
1966      22702.84960938
1967      22694.46679688
1968      22684.52343750
1969      22685.25000000
1970      22693.97460938
1971      22702.86132812
1972      22694.47851562
1973      22684.53515625
1974      22685.26171875
1975      22693.98828125
1976      22702.87500000
1977      22694.49218750
1978      22684.54882812
1979      22685.27734375
1980      22694.00195312
1981      22702.89062500
1982      22694.50781250
1983      22684.56445312
1984      22685.29296875
1985      22694.01562500
1986      22702.90625000
1987      22694.52343750
1988      22684.58007812
1989      22685.30664062
1990      22694.03125000
1991      22702.91992188
1992      22694.53710938
1993      22684.59375000
1994      22685.32031250
1995      22694.04296875
1996      22702.93359375
1997      22694.55078125
1998      22684.60937500
1999      22685.33593750
2000      22694.05859375
2001      22702.94921875
2002      22694.56835938
2003      22684.62304688
2004      22685.48437500
2005      22694.56640625
2006      22704.33007812
2007      22698.97265625
2008      22695.93554688
