0000          2.43194580
0001         41.82674789
0002        130.31802368
0003        228.94740295
0004        351.26672363
0005        484.51190186
0006        669.84570312
0007        853.46978760
0008       1009.03662109
0009       1178.23168945
0010       1346.94641113
0011       1571.24890137
0012       1786.37817383
0013       1967.02270508
0014       2163.97924805
0015       2359.02539062
0016       2617.96337891
0017       2860.45849609
0018       3058.98876953
0019       3273.48608398
0020       3485.31640625
0021       3764.54101562
0022       4020.69189453
0023       4226.21044922
0024       4446.35498047
0025       4662.75195312
0026       4945.97656250
0027       5202.24267578
0028       5405.71386719
0029       5623.21875000
0030       5836.51611328
0031       6099.08740234
0032       6302.72998047
0033       6436.17871094
0034       6559.48730469
0035       6667.20556641
0036       6792.38867188
0037       6894.78076172
0038       6970.54541016
0039       7051.85644531
0040       7130.48828125
0041       7227.62304688
0042       7309.06982422
0043       7370.98583984
0044       7440.49316406
0045       7509.26464844
0046       7594.29443359
0047       7664.38574219
0048       7717.61230469
0049       7778.61523438
0050       7839.54345703
0051       7914.12011719
0052       7974.58984375
0053       8020.71923828
0054       8075.02343750
0055       8130.18750000
0056       8197.91210938
0057       8252.48535156
0058       8294.42773438
0059       8344.96484375
0060       8396.90917969
0061       8460.64941406
0062       8511.40136719
0063       8550.43164062
0064       8598.24218750
0065       8647.79980469
0066       8708.35156250
0067       8755.91992188
0068       8792.41113281
0069       8837.85742188
0070       8885.26953125
0071       8942.98242188
0072       8987.65527344
0073       9021.87597656
0074       9065.15332031
0075       9110.62304688
0076       9165.74316406
0077       9207.78808594
0078       9239.89355469
0079       9281.14648438
0080       9324.82910156
0081       9377.53515625
0082       9417.12890625
0083       9447.27539062
0084       9486.68359375
0085       9528.69335938
0086       9579.18359375
0087       9616.50292969
0088       9644.83105469
0089       9682.48730469
0090       9722.93261719
0091       9771.33300781
0092       9806.51171875
0093       9833.11621094
0094       9869.14257812
0095       9908.12695312
0096       9954.57031250
0097       9987.74023438
0098      10012.72460938
0099      10047.20800781
0100      10084.78808594
0101      10129.37792969
0102      10160.64062500
0103      10184.08105469
0104      10217.11523438
0105      10253.38671875
0106      10296.22460938
0107      10325.69921875
0108      10347.70605469
0109      10379.35156250
0110      10414.36523438
0111      10455.54003906
0112      10483.30957031
0113      10503.93750000
0114      10534.27539062
0115      10568.11230469
0116      10607.71582031
0117      10633.88378906
0118      10653.21972656
0119      10682.32226562
0120      10715.03613281
0121      10753.15917969
0122      10777.77734375
0123      10795.87304688
0124      10823.79296875
0125      10855.43945312
0126      10892.13378906
0127      10915.30468750
0128      10932.20410156
0129      10959.00097656
0130      10989.64355469
0131      11024.98437500
0132      11046.75000000
0133      11062.53906250
0134      11088.25390625
0135      11117.92480469
0136      11151.99023438
0137      11172.45117188
0138      11187.17675781
0139      11211.88085938
0140      11240.62695312
0141      11273.45898438
0142      11292.67089844
0143      11306.38867188
0144      11330.12890625
0145      11358.00683594
0146      11389.67382812
0147      11407.70703125
0148      11420.44921875
0149      11443.26757812
0150      11470.30859375
0151      11500.86425781
0152      11517.77343750
0153      11529.62207031
0154      11551.55664062
0155      11577.81347656
0156      11607.34667969
0157      11623.15917969
0158      11634.12109375
0159      11655.23632812
0160      11680.73632812
0161      11709.25976562
0162      11724.04882812
0163      11734.18652344
0164      11754.49902344
0165      11779.28808594
0166      11806.86035156
0167      11820.68164062
0168      11830.00585938
0169      11849.55761719
0170      11873.65429688
0171      11900.31542969
0172      11913.19335938
0173      11921.77343750
0174      11940.60839844
0175      11964.06445312
0176      11989.86621094
0177      12001.84863281
0178      12009.70019531
0179      12027.83007812
0180      12050.64257812
0181      12075.61132812
0182      12086.77343750
0183      12093.93652344
0184      12111.41992188
0185      12133.64062500
0186      12157.82714844
0187      12168.16699219
0188      12174.66308594
0189      12191.53027344
0190      12213.18066406
0191      12236.60839844
0192      12246.17578125
0193      12252.04199219
0194      12268.30957031
0195      12289.43750000
0196      12312.15722656
0197      12320.99218750
0198      12326.28515625
0199      12341.97949219
0200      12362.57714844
0201      12384.62109375
0202      12392.77246094
0203      12397.51171875
0204      12412.66015625
0205      12432.76660156
0206      12454.16406250
0207      12461.63281250
0208      12465.81835938
0209      12480.45898438
0210      12500.10839844
0211      12520.87500000
0212      12527.71875000
0213      12531.39648438
0214      12545.54003906
0215      12564.73730469
0216      12584.92773438
0217      12591.15527344
0218      12594.34667969
0219      12608.03417969
0220      12626.82910156
0221      12646.46386719
0222      12652.14257812
0223      12654.87109375
0224      12668.10058594
0225      12686.48242188
0226      12705.56835938
0227      12710.67773438
0228      12712.96679688
0229      12725.77441406
0230      12743.76367188
0231      12762.32421875
0232      12766.92382812
0233      12768.78125000
0234      12781.17285156
0235      12798.79394531
0236      12816.88476562
0237      12820.98730469
0238      12822.41503906
0239      12834.42871094
0240      12851.71484375
0241      12869.33496094
0242      12872.95703125
0243      12874.01367188
0244      12885.66308594
0245      12902.60742188
0246      12919.80078125
0247      12922.97460938
0248      12923.67187500
0249      12934.96777344
0250      12951.60351562
0251      12968.35937500
0252      12971.10253906
0253      12971.44042969
0254      12982.40820312
0255      12998.72753906
0256      13015.09375000
0257      13017.42675781
0258      13017.43457031
0259      13028.07910156
0260      13044.10937500
0261      13060.08203125
0262      13062.02246094
0263      13061.71875000
0264      13072.04687500
0265      13087.81152344
0266      13103.43359375
0267      13104.99902344
0268      13104.38476562
0269      13114.42382812
0270      13129.92285156
0271      13145.19042969
0272      13146.39746094
0273      13145.50000000
0274      13155.27832031
0275      13170.51953125
0276      13185.45996094
0277      13186.33300781
0278      13185.15820312
0279      13194.65625000
0280      13209.65527344
0281      13224.27636719
0282      13224.82617188
0283      13223.39550781
0284      13232.65429688
0285      13247.43164062
0286      13261.75781250
0287      13261.98925781
0288      13260.30175781
0289      13269.32031250
0290      13283.87500000
0291      13297.90136719
0292      13297.84082031
0293      13295.92089844
0294      13304.70800781
0295      13319.06835938
0296      13332.81835938
0297      13332.47949219
0298      13330.32226562
0299      13338.87988281
0300      13353.02441406
0301      13366.51855469
0302      13365.90625000
0303      13363.52832031
0304      13371.87890625
0305      13385.83789062
0306      13399.06542969
0307      13398.20117188
0308      13395.61914062
0309      13403.76757812
0310      13417.55078125
0311      13430.54492188
0312      13429.42773438
0313      13426.64453125
0314      13434.60156250
0315      13448.21679688
0316      13460.99511719
0317      13459.66601562
0318      13456.69921875
0319      13464.49414062
0320      13477.92871094
0321      13490.47949219
0322      13488.91894531
0323      13485.77734375
0324      13493.39746094
0325      13506.67968750
0326      13519.02050781
0327      13517.26367188
0328      13513.94433594
0329      13521.38867188
0330      13534.51953125
0331      13546.66113281
0332      13544.68457031
0333      13541.18847656
0334      13548.47167969
0335      13561.46191406
0336      13573.42578125
0337      13571.25878906
0338      13567.62207031
0339      13574.76171875
0340      13587.62402344
0341      13599.39550781
0342      13597.03613281
0343      13593.24218750
0344      13600.23632812
0345      13612.97167969
0346      13624.56933594
0347      13622.03710938
0348      13618.10058594
0349      13624.96093750
0350      13637.57421875
0351      13649.00488281
0352      13646.30957031
0353      13642.24414062
0354      13648.96875000
0355      13661.47070312
0356      13672.75292969
0357      13669.88964844
0358      13665.69628906
0359      13672.29980469
0360      13684.69335938
0361      13695.83398438
0362      13692.82031250
0363      13688.49902344
0364      13694.98730469
0365      13707.26953125
0366      13718.26757812
0367      13715.09960938
0368      13710.66601562
0369      13717.04394531
0370      13729.22265625
0371      13740.09570312
0372      13736.79199219
0373      13732.25390625
0374      13738.52343750
0375      13750.61328125
0376      13761.34570312
0377      13757.91601562
0378      13753.25585938
0379      13759.41992188
0380      13771.40625000
0381      13782.00781250
0382      13778.44824219
0383      13773.69531250
0384      13779.75683594
0385      13791.64550781
0386      13802.14062500
0387      13798.46484375
0388      13793.59375000
0389      13799.56933594
0390      13811.36816406
0391      13821.74218750
0392      13817.94628906
0393      13812.98339844
0394      13818.86425781
0395      13830.58105469
0396      13840.84179688
0397      13836.93066406
0398      13831.88183594
0399      13837.68554688
0400      13849.32226562
0401      13859.48144531
0402      13855.47460938
0403      13850.34667969
0404      13856.05859375
0405      13867.62011719
0406      13877.68750000
0407      13873.57812500
0408      13868.36523438
0409      13873.99609375
0410      13885.48925781
0411      13895.45507812
0412      13891.25878906
0413      13885.97363281
0414      13891.53125000
0415      13902.96777344
0416      13912.83789062
0417      13908.54296875
0418      13903.18164062
0419      13908.66503906
0420      13920.03320312
0421      13929.81640625
0422      13925.42968750
0423      13919.98437500
0424      13925.39746094
0425      13936.71582031
0426      13946.43457031
0427      13941.96289062
0428      13936.44628906
0429      13941.79101562
0430      13953.03710938
0431      13962.65917969
0432      13958.11230469
0433      13952.53710938
0434      13957.82812500
0435      13969.02343750
0436      13978.56347656
0437      13973.92187500
0438      13968.29687500
0439      13973.51757812
0440      13984.65234375
0441      13994.11914062
0442      13989.40429688
0443      13983.70703125
0444      13988.88574219
0445      13999.96777344
0446      14009.36425781
0447      14004.58105469
0448      13998.82812500
0449      14003.94824219
0450      14014.97851562
0451      14024.31152344
0452      14019.45703125
0453      14013.66406250
0454      14018.73925781
0455      14029.72265625
0456      14039.00292969
0457      14034.08593750
0458      14028.22949219
0459      14033.24414062
0460      14044.18457031
0461      14053.39550781
0462      14048.42382812
0463      14042.51367188
0464      14047.48339844
0465      14058.36718750
0466      14067.51660156
0467      14062.49316406
0468      14056.54003906
0469      14061.45703125
0470      14072.30468750
0471      14081.40625000
0472      14076.33105469
0473      14070.31738281
0474      14075.18554688
0475      14086.00000000
0476      14095.05175781
0477      14089.91503906
0478      14083.86328125
0479      14088.69726562
0480      14099.47070312
0481      14108.47753906
0482      14103.28906250
0483      14097.20703125
0484      14102.00976562
0485      14112.75390625
0486      14121.70214844
0487      14116.46093750
0488      14110.33203125
0489      14115.09082031
0490      14125.80175781
0491      14134.70019531
0492      14129.41796875
0493      14123.24511719
0494      14127.96484375
0495      14138.62890625
0496      14147.48437500
0497      14142.16015625
0498      14135.95703125
0499      14140.64550781
0500      14151.27734375
0501      14160.09863281
0502      14154.72558594
0503      14148.48437500
0504      14153.14062500
0505      14163.73437500
0506      14172.50585938
0507      14167.08593750
0508      14160.80566406
0509      14165.42773438
0510      14176.00683594
0511      14184.75195312
0512      14179.30566406
0513      14173.00097656
0514      14177.58984375
0515      14188.14453125
0516      14196.85449219
0517      14191.38183594
0518      14185.04394531
0519      14189.61523438
0520      14200.13964844
0521      14208.81054688
0522      14203.29296875
0523      14196.91894531
0524      14201.46191406
0525      14211.95605469
0526      14220.59765625
0527      14215.04687500
0528      14208.64160156
0529      14213.15332031
0530      14223.62890625
0531      14232.23144531
0532      14226.65332031
0533      14220.22851562
0534      14224.71191406
0535      14235.16699219
0536      14243.73730469
0537      14238.13476562
0538      14231.69042969
0539      14236.14257812
0540      14246.57421875
0541      14255.10937500
0542      14249.47949219
0543      14243.01464844
0544      14247.44628906
0545      14257.86718750
0546      14266.38574219
0547      14260.71484375
0548      14254.23535156
0549      14258.64355469
0550      14269.03613281
0551      14277.53222656
0552      14271.82128906
0553      14265.32714844
0554      14269.71582031
0555      14280.08203125
0556      14288.55859375
0557      14282.82226562
0558      14276.30078125
0559      14280.67089844
0560      14291.01269531
0561      14299.45996094
0562      14293.70019531
0563      14287.15136719
0564      14291.50781250
0565      14301.83593750
0566      14310.25781250
0567      14304.47656250
0568      14297.90527344
0569      14302.24804688
0570      14312.55859375
0571      14320.95898438
0572      14315.15039062
0573      14308.55761719
0574      14312.87402344
0575      14323.17382812
0576      14331.54589844
0577      14325.70703125
0578      14319.09667969
0579      14323.38769531
0580      14333.67480469
0581      14342.02343750
0582      14336.16503906
0583      14329.52929688
0584      14333.80468750
0585      14344.07031250
0586      14352.40039062
0587      14346.51464844
0588      14339.86523438
0589      14344.12988281
0590      14354.38574219
0591      14362.69921875
0592      14356.79492188
0593      14350.13378906
0594      14354.38085938
0595      14364.62011719
0596      14372.91113281
0597      14366.98925781
0598      14360.31445312
0599      19243.19140625
0600      19251.55859375
0601      19256.47265625
0602      19244.95507812
0603      19231.58593750
0604      19226.53906250
0605      19227.19921875
0606      19222.40039062
0607      19203.75195312
0608      19186.47070312
0609      19178.90234375
0610      19178.34375000
0611      19172.96875000
0612      19154.34375000
0613      19137.28906250
0614      19130.03515625
0615      19129.83203125
0616      19124.96093750
0617      19106.87304688
0618      19090.25585938
0619      19083.43554688
0620      19083.61718750
0621      19079.26562500
0622      19061.71093750
0623      19045.51171875
0624      19039.09960938
0625      19039.64843750
0626      19035.80078125
0627      19018.75000000
0628      19002.96093750
0629      18996.91796875
0630      18997.81054688
0631      18994.42968750
0632      18977.86914062
0633      18962.46484375
0634      18956.79882812
0635      18958.02343750
0636      18955.10937500
0637      18939.00585938
0638      18923.97656250
0639      18918.65039062
0640      18920.19531250
0641      18917.70312500
0642      18902.03320312
0643      18887.34179688
0644      18882.34375000
0645      18884.19726562
0646      18882.10937500
0647      18866.83593750
0648      18852.46875000
0649      18847.77148438
0650      18849.90429688
0651      18848.20703125
0652      18833.32421875
0653      18819.27734375
0654      18814.88085938
0655      18817.27734375
0656      18815.93945312
0657      18801.44140625
0658      18787.68945312
0659      18783.56640625
0660      18786.23632812
0661      18785.24023438
0662      18771.08593750
0663      18757.61523438
0664      18753.77148438
0665      18756.67968750
0666      18756.02148438
0667      18742.19921875
0668      18728.99218750
0669      18725.41210938
0670      18728.55859375
0671      18728.21289062
0672      18714.71289062
0673      18701.77343750
0674      18698.44140625
0675      18701.83593750
0676      18701.80468750
0677      18688.61718750
0678      18675.91406250
0679      18672.80273438
0680      18676.40820312
0681      18676.66796875
0682      18663.77343750
0683      18651.30078125
0684      18648.40820312
0685      18652.21289062
0686      18652.75390625
0687      18640.12500000
0688      18627.87890625
0689      18625.19921875
0690      18629.20312500
0691      18629.99609375
0692      18617.63867188
0693      18605.58984375
0694      18603.10742188
0695      18607.28515625
0696      18608.31835938
0697      18596.21875000
0698      18584.37890625
0699      18582.08398438
0700      18586.43359375
0701      18587.69531250
0702      18575.83007812
0703      18564.16601562
0704      18562.04492188
0705      18566.55468750
0706      18568.02734375
0707      18556.38476562
0708      18544.89843750
0709      18542.95507812
0710      18547.63281250
0711      18549.32226562
0712      18537.89453125
0713      18526.59375000
0714      18524.80078125
0715      18529.62109375
0716      18531.51562500
0717      18520.28906250
0718      18509.13281250
0719      18507.48437500
0720      18512.44726562
0721      18514.52539062
0722      18503.49804688
0723      18492.49218750
0724      18490.99218750
0725      18496.08984375
0726      18498.35546875
0727      18487.50781250
0728      18476.65234375
0729      18475.29687500
0730      18480.51953125
0731      18482.94726562
0732      18472.27539062
0733      18461.56250000
0734      18460.32617188
0735      18465.67578125
0736      18468.26953125
0737      18457.76367188
0738      18447.17187500
0739      18446.06250000
0740      18451.52343750
0741      18454.27539062
0742      18443.91796875
0743      18433.45507812
0744      18432.46484375
0745      18438.03320312
0746      18440.92968750
0747      18430.72460938
0748      18420.37890625
0749      18419.50390625
0750      18425.17773438
0751      18428.20507812
0752      18418.14062500
0753      18407.91015625
0754      18407.13867188
0755      18412.91796875
0756      18416.09570312
0757      18406.16796875
0758      18396.04296875
0759      18395.37890625
0760      18401.24023438
0761      18404.53906250
0762      18394.73828125
0763      18384.71289062
0764      18384.14453125
0765      18390.08984375
0766      18393.50390625
0767      18383.82421875
0768      18373.90429688
0769      18373.42968750
0770      18379.46484375
0771      18383.00195312
0772      18373.43945312
0773      18363.60156250
0774      18363.21289062
0775      18369.32031250
0776      18372.95117188
0777      18363.50585938
0778      18353.75976562
0779      18353.45703125
0780      18359.63281250
0781      18363.37500000
0782      18354.02343750
0783      18344.35937500
0784      18344.13671875
0785      18350.39648438
0786      18354.23828125
0787      18344.99804688
0788      18335.40625000
0789      18335.25195312
0790      18341.58593750
0791      18345.52343750
0792      18336.36328125
0793      18326.85351562
0794      18326.77734375
0795      18333.17382812
0796      18337.18750000
0797      18328.13085938
0798      18318.69921875
0799      18318.69140625
0800      18325.15429688
0801      18329.26171875
0802      18320.27734375
0803      18310.91601562
0804      18310.96093750
0805      18317.48828125
0806      18321.66992188
0807      18312.77148438
0808      18303.47265625
0809      18303.59375000
0810      18310.17578125
0811      18314.43359375
0812      18305.60937500
0813      18296.37695312
0814      18296.54882812
0815      18303.17578125
0816      18307.50390625
0817      18298.75390625
0818      18289.56835938
0819      18289.78125000
0820      18296.44921875
0821      18300.85351562
0822      18292.16210938
0823      18283.03320312
0824      18283.32031250
0825      18290.05078125
0826      18294.51171875
0827      18285.90234375
0828      18276.83789062
0829      18277.15820312
0830      18283.94335938
0831      18288.48437500
0832      18279.92187500
0833      18270.89648438
0834      18271.27734375
0835      18278.09375000
0836      18282.69335938
0837      18274.20898438
0838      18265.25000000
0839      18265.67578125
0840      18272.54296875
0841      18277.18750000
0842      18268.75781250
0843      18259.84375000
0844      18260.31250000
0845      18267.21484375
0846      18271.92578125
0847      18263.55859375
0848      18254.67968750
0849      18255.18750000
0850      18262.12500000
0851      18266.88281250
0852      18258.56250000
0853      18249.72070312
0854      18250.25781250
0855      18257.23046875
0856      18262.03710938
0857      18253.75585938
0858      18244.97265625
0859      18245.55468750
0860      18252.55078125
0861      18257.40429688
0862      18249.17578125
0863      18240.42773438
0864      18241.03906250
0865      18248.07031250
0866      18252.96679688
0867      18244.78125000
0868      18236.06640625
0869      18236.71093750
0870      18243.76953125
0871      18248.70703125
0872      18240.56445312
0873      18231.87109375
0874      18232.54687500
0875      18239.63671875
0876      18244.60937500
0877      18236.51562500
0878      18227.84765625
0879      18228.56250000
0880      18235.69726562
0881      18240.71093750
0882      18232.64843750
0883      18224.01367188
0884      18224.75195312
0885      18231.91601562
0886      18236.96484375
0887      18228.93750000
0888      18220.33984375
0889      18221.09375000
0890      18228.28125000
0891      18233.35937500
0892      18225.36328125
0893      18216.79296875
0894      18217.57812500
0895      18224.79296875
0896      18229.90039062
0897      18221.94726562
0898      18213.39843750
0899      18214.20507812
0900      18221.43750000
0901      18226.57812500
0902      18218.64453125
0903      18210.11914062
0904      18210.95117188
0905      18218.19726562
0906      18223.36523438
0907      18215.45312500
0908      18206.94140625
0909      18207.79492188
0910      18215.05468750
0911      18220.25390625
0912      18212.38671875
0913      18203.90429688
0914      18204.78906250
0915      18212.07617188
0916      18217.30859375
0917      18209.46679688
0918      18201.00781250
0919      18201.91015625
0920      18209.22070312
0921      18214.47460938
0922      18206.65429688
0923      18198.21289062
0924      18199.12890625
0925      18206.45703125
0926      18211.73437500
0927      18203.93750000
0928      18195.51953125
0929      18196.45898438
0930      18203.80468750
0931      18209.10351562
0932      18201.33398438
0933      18192.93750000
0934      18193.89453125
0935      18201.25585938
0936      18206.58203125
0937      18198.83398438
0938      18190.45898438
0939      18191.42578125
0940      18198.80078125
0941      18204.15429688
0942      18196.43164062
0943      18188.06640625
0944      18189.04882812
0945      18196.44531250
0946      18201.81640625
0947      18194.12109375
0948      18185.77343750
0949      18186.76562500
0950      18194.17187500
0951      18199.55078125
0952      18191.87109375
0953      18183.54101562
0954      18184.54687500
0955      18191.96289062
0956      18197.36132812
0957      18189.69726562
0958      18181.39062500
0959      18182.41015625
0960      18189.83593750
0961      18195.24609375
0962      18187.59570312
0963      18179.30468750
0964      18180.33203125
0965      18187.77148438
0966      18193.19140625
0967      18185.54882812
0968      18177.26757812
0969      18178.31640625
0970      18185.77343750
0971      18191.21289062
0972      18183.58789062
0973      18175.31835938
0974      18176.37695312
0975      18183.84179688
0976      18189.29687500
0977      18181.68750000
0978      18173.42968750
0979      18174.49609375
0980      18181.96875000
0981      18187.44335938
0982      18179.84570312
0983      18171.59570312
0984      18172.67773438
0985      18180.15820312
0986      18185.64843750
0987      18178.06640625
0988      18169.82226562
0989      18170.91406250
0990      18178.39648438
0991      18183.89843750
0992      18176.33007812
0993      18168.09375000
0994      18169.18945312
0995      18176.68164062
0996      18182.19335938
0997      18174.63281250
0998      18166.40625000
0999      18167.51171875
1000      18175.01562500
1001      18180.53710938
1002      18172.99023438
1003      18164.77734375
1004      18165.89843750
1005      18173.41601562
1006      18178.94531250
1007      18171.41406250
1008      18163.20703125
1009      18164.33593750
1010      18171.85937500
1011      18177.40039062
1012      18169.87890625
1013      18161.68359375
1014      18162.82031250
1015      18170.34960938
1016      18175.90039062
1017      18168.39453125
1018      18160.21093750
1019      18161.35156250
1020      18168.88281250
1021      18174.44531250
1022      18166.94726562
1023      18158.76953125
1024      18159.92187500
1025      18167.45507812
1026      18173.02734375
1027      18165.53710938
1028      18157.36328125
1029      18158.52539062
1030      18166.06835938
1031      18171.64648438
1032      18164.16015625
1033      18155.99804688
1034      18157.16406250
1035      18164.71289062
1036      18170.29296875
1037      18162.81445312
1038      18154.65820312
1039      18155.83398438
1040      18163.39062500
1041      18168.98046875
1042      18161.51953125
1043      18153.36914062
1044      18154.55468750
1045      18162.11718750
1046      18167.71679688
1047      18160.25976562
1048      18152.11328125
1049      18153.30078125
1050      18160.86914062
1051      18166.47265625
1052      18159.02343750
1053      18150.88476562
1054      18152.07812500
1055      18159.65429688
1056      18165.26367188
1057      18157.82421875
1058      18149.69140625
1059      18150.88867188
1060      18158.46875000
1061      18164.08593750
1062      18156.65234375
1063      18148.52343750
1064      18149.73046875
1065      18157.31445312
1066      18162.93164062
1067      18155.50390625
1068      18147.38281250
1069      18148.58984375
1070      18156.17773438
1071      18161.80468750
1072      18154.37890625
1073      18146.25976562
1074      18147.47265625
1075      18155.06054688
1076      18160.68945312
1077      18153.27148438
1078      18145.15820312
1079      18146.37109375
1080      18153.96875000
1081      18159.59765625
1082      18152.18359375
1083      18144.07226562
1084      18145.28906250
1085      18152.88671875
1086      18158.52148438
1087      18151.11523438
1088      18143.00781250
1089      18144.22656250
1090      18151.82617188
1091      18157.46484375
1092      18150.06054688
1093      18141.95703125
1094      18143.17968750
1095      18150.78320312
1096      18156.42578125
1097      18149.02343750
1098      18140.92578125
1099      18142.15234375
1100      18149.75585938
1101      18155.40625000
1102      18148.00976562
1103      18139.91406250
1104      18141.14453125
1105      18148.74804688
1106      18154.40234375
1107      18147.00585938
1108      18138.91210938
1109      18140.14453125
1110      18147.74804688
1111      18153.41015625
1112      18146.01757812
1113      18137.92968750
1114      18139.16601562
1115      18146.77148438
1116      18152.43359375
1117      18145.04296875
1118      18136.95898438
1119      18138.19921875
1120      18145.80664062
1121      18151.47265625
1122      18144.08593750
1123      18136.00390625
1124      18137.24609375
1125      18144.85742188
1126      18150.52539062
1127      18143.14062500
1128      18135.06250000
1129      18136.30859375
1130      18143.91992188
1131      18149.59375000
1132      18142.21093750
1133      18134.13476562
1134      18135.38085938
1135      18142.99609375
1136      18148.67382812
1137      18141.29101562
1138      18133.21679688
1139      18134.46875000
1140      18142.08593750
1141      18147.76562500
1142      18140.38476562
1143      18132.31054688
1144      18133.56445312
1145      18141.18750000
1146      18146.86914062
1147      18139.49023438
1148      18131.41796875
1149      18132.67578125
1150      18140.30078125
1151      18145.98632812
1152      18138.60742188
1153      18130.53515625
1154      18131.79296875
1155      18139.41796875
1156      18145.10546875
1157      18137.72851562
1158      18129.65820312
1159      18130.91406250
1160      18138.54101562
1161      18144.23242188
1162      18136.85742188
1163      18128.78906250
1164      18130.04687500
1165      18137.67578125
1166      18143.36718750
1167      18135.99218750
1168      18127.92578125
1169      18129.18750000
1170      18136.81835938
1171      18142.51171875
1172      18135.13476562
1173      18127.06835938
1174      18128.33203125
1175      18135.96484375
1176      18141.66015625
1177      18134.28515625
1178      18126.21875000
1179      18127.48242188
1180      18135.11523438
1181      18140.81640625
1182      18133.44531250
1183      18125.37890625
1184      18126.64257812
1185      18134.27734375
1186      18139.97851562
1187      18132.60937500
1188      18124.54492188
1189      18125.80859375
1190      18133.44335938
1191      18139.14843750
1192      18131.78125000
1193      18123.71679688
1194      18124.98046875
1195      18132.61718750
1196      18138.32031250
1197      18130.95312500
1198      18122.89257812
1199      18124.16015625
1200      18131.79687500
1201      18137.50976562
1202      18130.15039062
1203      18122.09179688
1204      18123.35937500
1205      18130.99609375
1206      18136.71093750
1207      18129.35351562
1208      18121.29687500
1209      18122.56250000
1210      18130.20312500
1211      18135.91796875
1212      18128.56054688
1213      18120.50585938
1214      18121.77343750
1215      18129.41406250
1216      18135.12890625
1217      18127.77148438
1218      18119.71875000
1219      18120.98437500
1220      18128.62695312
1221      18134.34375000
1222      18126.98632812
1223      18118.93359375
1224      18120.19921875
1225      18127.84375000
1226      18133.56054688
1227      18126.20507812
1228      18118.15234375
1229      18119.42187500
1230      18127.06445312
1231      18132.78320312
1232      18125.42968750
1233      18117.37890625
1234      18118.64648438
1235      18126.29101562
1236      18132.00976562
1237      18124.66015625
1238      18116.60937500
1239      18117.87890625
1240      18125.52343750
1241      18131.24218750
1242      18123.89257812
1243      18115.84375000
1244      18117.11328125
1245      18124.75976562
1246      18130.47851562
1247      18123.13085938
1248      18115.08984375
1249      18116.36328125
1250      18124.01367188
1251      18129.74218750
1252      18122.39648438
1253      18114.35546875
1254      18115.63085938
1255      18123.28125000
1256      18129.00976562
1257      18121.66406250
1258      18113.62304688
1259      18114.89843750
1260      18122.55078125
1261      18128.28125000
1262      18120.93945312
1263      18112.89843750
1264      18114.17578125
1265      18121.82812500
1266      18127.55859375
1267      18120.21484375
1268      18112.17578125
1269      18113.45312500
1270      18121.10742188
1271      18126.83593750
1272      18119.49609375
1273      18111.45703125
1274      18112.73632812
1275      18120.39062500
1276      18126.12109375
1277      18118.78125000
1278      18110.74218750
1279      18112.01953125
1280      18119.67578125
1281      18125.40625000
1282      18118.06445312
1283      18110.02539062
1284      18111.30664062
1285      18118.96093750
1286      18124.69335938
1287      18117.35156250
1288      18109.31445312
1289      18110.59375000
1290      18118.25000000
1291      18123.98437500
1292      18116.64257812
1293      18108.60546875
1294      18109.88671875
1295      18117.54296875
1296      18123.27734375
1297      18115.93554688
1298      18107.90039062
1299      18109.17968750
1300      18116.83789062
1301      18122.57226562
1302      18115.23242188
1303      18107.19726562
1304      18108.47851562
1305      18116.13671875
1306      18121.87109375
1307      18114.53125000
1308      18106.49804688
1309      18107.77929688
1310      18115.43750000
1311      18121.17382812
1312      18113.83398438
1313      18105.80078125
1314      18107.08203125
1315      18114.74218750
1316      18120.47656250
1317      18113.13671875
1318      18105.10546875
1319      18106.38671875
1320      18114.04492188
1321      18119.78125000
1322      18112.44140625
1323      18104.41015625
1324      18105.69140625
1325      18113.35156250
1326      18119.08789062
1327      18111.74804688
1328      18103.71484375
1329      18104.99609375
1330      18112.65625000
1331      18118.39648438
1332      18111.05859375
1333      18103.02734375
1334      18104.30859375
1335      18111.96875000
1336      18117.70703125
1337      18110.36914062
1338      18102.33789062
1339      18103.62109375
1340      18111.27929688
1341      18117.01953125
1342      18109.67968750
1343      18101.64843750
1344      18102.93164062
1345      18110.59179688
1346      18116.33203125
1347      18108.99218750
1348      18100.96093750
1349      18102.24414062
1350      18109.90429688
1351      18115.64453125
1352      18108.30468750
1353      18100.27343750
1354      18101.55859375
1355      18109.21679688
1356      18114.95703125
1357      18107.61914062
1358      18099.58984375
1359      18100.87109375
1360      18108.53125000
1361      18114.27343750
1362      18106.93359375
1363      18098.90234375
1364      18100.18750000
1365      18107.84570312
1366      18113.58593750
1367      18106.24609375
1368      18098.21875000
1369      18099.50000000
1370      18107.16210938
1371      18112.90429688
1372      18105.56445312
1373      18097.53515625
1374      18098.82031250
1375      18106.48046875
1376      18112.22265625
1377      18104.88281250
1378      18096.85351562
1379      18098.13671875
1380      18105.79882812
1381      18111.54101562
1382      18104.20117188
1383      18096.17187500
1384      18097.45703125
1385      18105.11718750
1386      18110.85937500
1387      18103.51953125
1388      18095.49023438
1389      18096.77539062
1390      18104.43945312
1391      18110.18164062
1392      18102.84179688
1393      18094.81250000
1394      18096.09765625
1395      18103.76171875
1396      18109.50390625
1397      18102.16601562
1398      18094.13671875
1399      18095.42187500
1400      18103.08593750
1401      18108.82812500
1402      18101.49023438
1403      18093.46093750
1404      18094.74804688
1405      18102.41210938
1406      18108.15429688
1407      18100.81640625
1408      18092.78710938
1409      18094.07421875
1410      18101.73632812
1411      18107.47851562
1412      18100.14062500
1413      18092.11132812
1414      18093.39843750
1415      18101.06054688
1416      18106.80468750
1417      18099.46484375
1418      18091.44335938
1419      18092.74218750
1420      18100.41210938
1421      18106.16015625
1422      18098.83203125
1423      18090.82812500
1424      18092.12695312
1425      18099.79687500
1426      18105.54687500
1427      18098.22070312
1428      18090.21484375
1429      18091.51367188
1430      18099.18359375
1431      18104.93359375
1432      18097.60742188
1433      18089.60351562
1434      18090.90234375
1435      18098.57226562
1436      18104.32031250
1437      18096.99414062
1438      18088.99023438
1439      18090.28906250
1440      18097.96093750
1441      18103.70898438
1442      18096.38281250
1443      18088.37890625
1444      18089.67578125
1445      18097.34960938
1446      18103.09960938
1447      18095.77343750
1448      18087.76953125
1449      18089.06640625
1450      18096.73828125
1451      18102.48828125
1452      18095.16406250
1453      18087.15820312
1454      18088.45703125
1455      18096.12890625
1456      18101.87890625
1457      18094.55273438
1458      18086.54882812
1459      18087.84765625
1460      18095.51953125
1461      18101.26953125
1462      18093.94335938
1463      18085.93945312
1464      18087.23828125
1465      18094.91015625
1466      18100.65820312
1467      18093.33203125
1468      18085.32812500
1469      18086.62695312
1470      18094.29882812
1471      18100.04687500
1472      18092.72265625
1473      18084.71875000
1474      18086.01562500
1475      18093.68945312
1476      18099.43750000
1477      18092.11328125
1478      18084.10937500
1479      18085.40625000
1480      18093.07812500
1481      18098.82812500
1482      18091.50390625
1483      18083.50000000
1484      18084.79882812
1485      18092.47070312
1486      18098.22070312
1487      18090.89648438
1488      18082.89062500
1489      18084.19140625
1490      18091.86328125
1491      18097.61328125
1492      18090.28906250
1493      18082.28515625
1494      18083.58593750
1495      18091.25781250
1496      18097.00781250
1497      18089.68359375
1498      18081.67968750
1499      17754.20117188
1500      17761.87500000
1501      17767.63476562
1502      17760.34375000
1503      17752.34375000
1504      17753.66015625
1505      17761.33984375
1506      17767.10742188
1507      17759.82421875
1508      17751.83007812
1509      17753.15429688
1510      17760.83984375
1511      17766.60937500
1512      17759.33398438
1513      17751.34375000
1514      17752.67382812
1515      17760.36328125
1516      17766.13867188
1517      17758.86523438
1518      17750.88281250
1519      17752.21289062
1520      17759.90429688
1521      17765.68359375
1522      17758.41601562
1523      17750.43750000
1524      17751.77539062
1525      17759.47656250
1526      17765.25976562
1527      17757.99804688
1528      17750.02343750
1529      17751.36328125
1530      17759.06640625
1531      17764.85351562
1532      17757.59960938
1533      17749.62890625
1534      17750.97265625
1535      17758.67773438
1536      17764.47460938
1537      17757.22265625
1538      17749.25976562
1539      17750.60937500
1540      17758.31640625
1541      17764.11718750
1542      17756.86718750
1543      17748.90625000
1544      17750.25781250
1545      17757.96679688
1546      17763.77539062
1547      17756.52929688
1548      17748.57031250
1549      17749.92578125
1550      17757.63476562
1551      17763.44726562
1552      17756.20507812
1553      17748.25195312
1554      17749.60742188
1555      17757.31835938
1556      17763.13867188
1557      17755.89843750
1558      17747.94921875
1559      17749.31445312
1560      17757.02734375
1561      17762.85156250
1562      17755.61718750
1563      17747.67187500
1564      17749.03710938
1565      17756.75390625
1566      17762.58007812
1567      17755.34570312
1568      17747.40429688
1569      17748.77343750
1570      17756.49218750
1571      17762.32421875
1572      17755.09179688
1573      17747.15234375
1574      17748.52148438
1575      17756.24609375
1576      17762.08203125
1577      17754.84960938
1578      17746.91406250
1579      17748.28906250
1580      17756.01562500
1581      17761.85156250
1582      17754.62304688
1583      17746.68750000
1584      17748.06250000
1585      17755.79492188
1586      17761.63476562
1587      17754.40820312
1588      17746.47265625
1589      17747.85156250
1590      17755.58593750
1591      17761.42773438
1592      17754.20117188
1593      17746.26757812
1594      17747.64648438
1595      17755.38281250
1596      17761.23046875
1597      17754.00585938
1598      17746.07421875
1599      17747.45312500
1600      17755.19140625
1601      17761.03906250
1602      17753.81640625
1603      17745.88671875
1604      17747.27148438
1605      17755.00976562
1606      17760.86132812
1607      17753.63867188
1608      17745.70898438
1609      17747.09570312
1610      17754.83593750
1611      17760.68945312
1612      17753.46875000
1613      17745.53906250
1614      17746.92773438
1615      17754.66992188
1616      17760.52734375
1617      17753.31054688
1618      17745.38281250
1619      17746.77148438
1620      17754.51562500
1621      17760.37695312
1622      17753.16210938
1623      17745.23828125
1624      17746.62304688
1625      17754.36718750
1626      17760.22851562
1627      17753.01367188
1628      17745.08984375
1629      17746.47656250
1630      17754.22070312
1631      17760.08593750
1632      17752.87500000
1633      17744.95312500
1634      17746.33984375
1635      17754.08593750
1636      17759.95312500
1637      17752.74414062
1638      17744.82421875
1639      17746.21093750
1640      17753.95703125
1641      17759.82617188
1642      17752.61523438
1643      17744.69726562
1644      17746.08398438
1645      17753.83203125
1646      17759.70312500
1647      17752.49218750
1648      17744.57617188
1649      17745.96289062
1650      17753.71289062
1651      17759.58398438
1652      17752.37500000
1653      17744.46093750
1654      17745.84960938
1655      17753.59960938
1656      17759.47070312
1657      17752.26757812
1658      17744.35351562
1659      17745.74414062
1660      17753.49609375
1661      17759.36718750
1662      17752.16601562
1663      17744.25195312
1664      17745.64257812
1665      17753.39648438
1666      17759.26953125
1667      17752.06835938
1668      17744.16015625
1669      17745.55078125
1670      17753.30468750
1671      17759.17968750
1672      17751.98046875
1673      17744.07031250
1674      17745.46289062
1675      17753.21875000
1676      17759.09375000
1677      17751.89648438
1678      17743.98828125
1679      17745.38085938
1680      17753.13671875
1681      17759.01367188
1682      17751.81640625
1683      17743.91015625
1684      17745.30468750
1685      17753.06250000
1686      17758.94140625
1687      17751.74414062
1688      17743.83984375
1689      17745.23437500
1690      17752.99218750
1691      17758.87109375
1692      17751.67578125
1693      17743.77148438
1694      17745.16796875
1695      17752.92578125
1696      17758.80664062
1697      17751.61132812
1698      17743.70898438
1699      17745.10546875
1700      17752.86523438
1701      17758.74609375
1702      17751.55078125
1703      17743.64843750
1704      17745.04492188
1705      17752.80859375
1706      17758.68945312
1707      17751.49414062
1708      17743.59375000
1709      17744.99218750
1710      17752.75390625
1711      17758.63671875
1712      17751.44140625
1713      17743.54296875
1714      17744.93945312
1715      17752.70312500
1716      17758.58593750
1717      17751.39257812
1718      17743.49218750
1719      17744.89062500
1720      17752.65429688
1721      17758.53906250
1722      17751.34570312
1723      17743.44726562
1724      17744.84570312
1725      17752.60937500
1726      17758.49414062
1727      17751.30078125
1728      17743.40429688
1729      17744.80273438
1730      17752.56640625
1731      17758.45117188
1732      17751.25781250
1733      17743.36132812
1734      17744.75976562
1735      17752.52343750
1736      17758.41015625
1737      17751.21679688
1738      17743.32031250
1739      17744.71875000
1740      17752.48437500
1741      17758.37304688
1742      17751.17968750
1743      17743.28125000
1744      17744.68164062
1745      17752.44921875
1746      17758.33593750
1747      17751.14257812
1748      17743.24609375
1749      17744.64648438
1750      17752.41406250
1751      17758.30273438
1752      17751.10937500
1753      17743.21484375
1754      17744.61523438
1755      17752.38281250
1756      17758.27148438
1757      17751.07812500
1758      17743.18359375
1759      17744.58398438
1760      17752.35156250
1761      17758.24023438
1762      17751.04882812
1763      17743.15429688
1764      17744.55664062
1765      17752.32421875
1766      17758.21484375
1767      17751.02343750
1768      17743.12890625
1769      17744.53125000
1770      17752.30078125
1771      17758.19140625
1772      17751.00000000
1773      17743.10546875
1774      17744.50781250
1775      17752.27734375
1776      17758.16796875
1777      17750.97851562
1778      17743.08203125
1779      17744.48437500
1780      17752.25390625
1781      17758.14648438
1782      17750.95703125
1783      17743.06250000
1784      17744.46484375
1785      17752.23632812
1786      17758.12890625
1787      17750.93945312
1788      17743.04492188
1789      17744.44921875
1790      17752.21875000
1791      17758.11328125
1792      17750.92382812
1793      17743.02929688
1794      17744.43554688
1795      17752.20703125
1796      17758.09960938
1797      17750.91210938
1798      17743.01562500
1799      17744.42382812
1800      17752.19531250
1801      17758.08789062
1802      17750.90039062
1803      17743.00390625
1804      17744.41210938
1805      17752.18359375
1806      17758.07812500
1807      17750.88867188
1808      17742.99218750
1809      17744.40039062
1810      17752.17187500
1811      17758.06640625
1812      17750.87890625
1813      17742.98242188
1814      17744.38867188
1815      17752.16015625
1816      17758.05664062
1817      17750.86914062
1818      17742.97265625
1819      17744.38085938
1820      17752.15234375
1821      17758.04687500
1822      17750.85937500
1823      17742.96484375
1824      17744.37109375
1825      17752.14453125
1826      17758.03906250
1827      17750.85156250
1828      17742.95703125
1829      17744.36328125
1830      17752.13671875
1831      17758.03125000
1832      17750.84375000
1833      17742.94921875
1834      17744.35546875
1835      17752.12890625
1836      17758.02539062
1837      17750.83789062
1838      17742.94140625
1839      17744.34960938
1840      17752.12109375
1841      17758.01953125
1842      17750.83203125
1843      17742.93750000
1844      17744.34375000
1845      17752.11718750
1846      17758.01367188
1847      17750.82617188
1848      17742.93164062
1849      17744.33789062
1850      17752.11132812
1851      17758.00781250
1852      17750.82226562
1853      17742.92773438
1854      17744.33398438
1855      17752.10937500
1856      17758.00585938
1857      17750.81835938
1858      17742.92578125
1859      17744.33203125
1860      17752.10546875
1861      17758.00195312
1862      17750.81640625
1863      17742.92187500
1864      17744.32812500
1865      17752.10156250
1866      17758.00000000
1867      17750.81445312
1868      17742.92187500
1869      17744.32812500
1870      17752.10156250
1871      17758.00000000
1872      17750.81640625
1873      17742.92187500
1874      17744.33007812
1875      17752.10546875
1876      17758.00195312
1877      17750.81835938
1878      17742.92578125
1879      17744.33203125
1880      17752.10742188
1881      17758.00585938
1882      17750.82226562
1883      17742.92968750
1884      17744.33593750
1885      17752.11132812
1886      17758.00976562
1887      17750.82617188
1888      17742.93359375
1889      17744.33984375
1890      17752.11523438
1891      17758.01367188
1892      17750.83007812
1893      17742.93750000
1894      17744.34375000
1895      17752.12109375
1896      17758.01757812
1897      17750.83398438
1898      17742.94140625
1899      17744.34960938
1900      17752.12500000
1901      17758.02343750
1902      17750.83984375
1903      17742.94531250
1904      17744.35351562
1905      17752.13085938
1906      17758.02929688
1907      17750.84570312
1908      17742.95312500
1909      17744.35937500
1910      17752.13671875
1911      17758.03515625
1912      17750.85156250
1913      17742.95703125
1914      17744.36523438
1915      17752.14257812
1916      17758.04101562
1917      17750.85742188
1918      17742.96484375
1919      17744.37109375
1920      17752.14843750
1921      17758.04687500
1922      17750.86328125
1923      17742.96875000
1924      17744.37695312
1925      17752.15429688
1926      17758.05273438
1927      17750.86914062
1928      17742.97656250
1929      17744.38281250
1930      17752.16015625
1931      17758.05859375
1932      17750.87500000
1933      17742.98046875
1934      17744.38867188
1935      17752.16601562
1936      17758.06445312
1937      17750.88085938
1938      17742.98828125
1939      17744.39453125
1940      17752.17187500
1941      17758.07031250
1942      17750.88671875
1943      17742.99218750
1944      17744.40039062
1945      17752.17773438
1946      17758.07617188
1947      17750.89257812
1948      17743.00000000
1949      17744.40625000
1950      17752.18359375
1951      17758.08203125
1952      17750.89843750
1953      17743.00585938
1954      17744.41406250
1955      17752.19140625
1956      17758.08984375
1957      17750.90625000
1958      17743.01367188
1959      17744.42187500
1960      17752.19921875
1961      17758.09765625
1962      17750.91406250
1963      17743.02148438
1964      17744.42968750
1965      17752.20703125
1966      17758.10546875
1967      17750.92187500
1968      17743.03125000
1969      17744.43945312
1970      17752.21679688
1971      17758.11523438
1972      17750.93164062
1973      17743.03906250
1974      17744.44726562
1975      17752.22656250
1976      17758.12304688
1977      17750.93945312
1978      17743.04687500
1979      17744.45703125
1980      17752.23437500
1981      17758.13281250
1982      17750.94921875
1983      17743.05664062
1984      17744.46484375
1985      17752.24218750
1986      17758.14062500
1987      17750.95703125
1988      17743.06640625
1989      17744.47460938
1990      17752.25195312
1991      17758.15039062
1992      17750.96679688
1993      17743.07421875
1994      17744.48242188
1995      17752.26171875
1996      17758.15820312
1997      17750.97460938
1998      17743.08203125
1999      17744.49218750
2000      17752.26953125
2001      17758.16796875
2002      17750.98437500
2003      17743.22460938
2004      17745.36718750
2005      17754.11523438
2006      17762.28125000
2007      17760.76367188
2008      17763.40234375
