0000          0.15050136
0001          2.28636289
0002          7.97410917
0003         14.77975845
0004         23.40958023
0005         32.91966248
0006         46.18485641
0007         59.30368042
0008         70.59005737
0009         82.99349213
0010         95.37176514
0011        112.06316376
0012        128.21432495
0013        141.84309387
0014        156.78157043
0015        171.68914795
0016        191.59790039
0017        210.27447510
0018        225.56025696
0019        242.09913635
0020        258.50439453
0021        280.19985962
0022        300.10217285
0023        316.04522705
0024        333.12969971
0025        349.98300171
0026        372.09899902
0027        392.09802246
0028        407.94281006
0029        424.88153076
0030        441.53955078
0031        462.03067017
0032        477.77847290
0033        487.96240234
0034        497.31124878
0035        505.38781738
0036        514.74414062
0037        522.28710938
0038        527.80346680
0039        533.65625000
0040        539.23645020
0041        546.12164307
0042        551.84332275
0043        556.15966797
0044        560.94335938
0045        565.62365723
0046        571.37249756
0047        576.03533936
0048        579.48638916
0049        583.44140625
0050        587.38732910
0051        592.18280029
0052        595.94171143
0053        598.70996094
0054        602.05480957
0055        605.50256348
0056        609.73638916
0057        613.03790283
0058        615.49230957
0059        618.56280518
0060        621.78295898
0061        625.74237061
0062        628.79235840
0063        631.05566406
0064        633.94842529
0065        637.01214600
0066        640.76788330
0067        643.61749268
0068        645.72265625
0069        648.46527100
0070        651.39477539
0071        654.97241211
0072        657.64538574
0073        659.60754395
0074        662.21539307
0075        665.02380371
0076        668.44024658
0077        670.95013428
0078        672.78265381
0079        675.26696777
0080        677.96368408
0081        681.23120117
0082        683.59167480
0083        685.30364990
0084        687.67315674
0085        690.26599121
0086        693.39581299
0087        695.61743164
0088        697.21752930
0089        699.47937012
0090        701.97650146
0091        704.97827148
0092        707.07116699
0093        708.56719971
0094        710.72979736
0095        713.13659668
0096        716.01885986
0097        717.99023438
0098        719.38684082
0099        721.45666504
0100        723.77868652
0101        726.54772949
0102        728.40441895
0103        729.70886230
0104        731.68963623
0105        733.93225098
0106        736.59594727
0107        738.34667969
0108        739.56457520
0109        741.46307373
0110        743.63220215
0111        746.19567871
0112        747.84515381
0113        748.98236084
0114        750.80346680
0115        752.90032959
0116        755.36956787
0117        756.92321777
0118        757.98199463
0119        759.72778320
0120        761.75836182
0121        764.13677979
0122        765.59832764
0123        766.58325195
0124        768.25946045
0125        770.22631836
0126        772.52099609
0127        773.89794922
0128        774.81250000
0129        776.42047119
0130        778.32647705
0131        780.53894043
0132        781.83343506
0133        782.68218994
0134        784.22778320
0135        786.07562256
0136        788.21203613
0137        789.42858887
0138        790.21411133
0139        791.69946289
0140        793.49414062
0141        795.55932617
0142        796.70251465
0143        797.42816162
0144        798.85742188
0145        800.59954834
0146        802.59552002
0147        803.66882324
0148        804.33630371
0149        805.71020508
0150        807.40258789
0151        809.33312988
0152        810.34014893
0153        810.95471191
0154        812.27716064
0155        813.92376709
0156        815.79241943
0157        816.73608398
0158        817.29931641
0159        818.57324219
0160        820.17474365
0161        821.98437500
0162        822.86730957
0163        823.38128662
0164        824.60699463
0165        826.16662598
0166        827.92004395
0167        828.74560547
0168        829.21246338
0169        830.39385986
0170        831.91253662
0171        833.61322021
0172        834.38476562
0173        834.80718994
0174        835.94604492
0175        837.42663574
0176        839.07513428
0177        839.79534912
0178        840.17523193
0179        841.27282715
0180        842.71649170
0181        844.31628418
0182        844.98535156
0183        845.32501221
0184        846.38372803
0185        847.79272461
0186        849.34637451
0187        849.96728516
0188        850.26763916
0189        851.28918457
0190        852.66442871
0191        854.17395020
0192        854.75079346
0193        855.01342773
0194        855.99969482
0195        857.34375000
0196        858.81091309
0197        859.34503174
0198        859.57348633
0199        860.52734375
0200        861.83935547
0201        863.26611328
0202        863.75872803
0203        863.95318604
0204        864.87353516
0205        866.15734863
0206        867.54669189
0207        868.00000000
0208        868.16314697
0209        869.05474854
0210        870.31085205
0211        871.66204834
0212        872.07684326
0213        872.20886230
0214        873.07122803
0215        874.30175781
0216        875.61865234
0217        875.99877930
0218        876.10284424
0219        876.93725586
0220        878.14227295
0221        879.42645264
0222        879.77307129
0223        879.84826660
0224        880.65600586
0225        881.83703613
0226        883.08758545
0227        883.40130615
0228        883.45031738
0229        884.23236084
0230        885.39129639
0231        886.61206055
0232        886.89666748
0233        886.92205811
0234        887.68072510
0235        888.81756592
0236        890.01062012
0237        890.26605225
0238        890.26660156
0239        891.00164795
0240        892.11743164
0241        893.28295898
0242        893.50970459
0243        893.48724365
0244        894.20025635
0245        895.29614258
0246        896.43414307
0247        896.63348389
0248        896.58905029
0249        897.28173828
0250        898.35888672
0251        899.47180176
0252        899.64526367
0253        899.58032227
0254        900.25268555
0255        901.31152344
0256        902.40081787
0257        902.55084229
0258        902.46624756
0259        903.11907959
0260        904.16015625
0261        905.22656250
0262        905.35382080
0263        905.25128174
0264        905.88702393
0265        906.91265869
0266        907.95709229
0267        908.06176758
0268        907.94171143
0269        908.56091309
0270        909.57080078
0271        910.59460449
0272        910.67901611
0273        910.54357910
0274        911.14569092
0275        912.14068604
0276        913.14483643
0277        913.20953369
0278        913.05725098
0279        913.64355469
0280        914.62463379
0281        915.60968018
0282        915.65454102
0283        915.48693848
0284        916.05957031
0285        917.02679443
0286        917.99322510
0287        918.02075195
0288        917.83923340
0289        918.39770508
0290        919.35186768
0291        920.30139160
0292        920.31146240
0293        920.11633301
0294        920.66168213
0295        921.60290527
0296        922.53619385
0297        922.53009033
0298        922.32171631
0299        922.85400391
0300        923.78387451
0301        924.70074463
0302        924.67803955
0303        924.45709229
0304        924.97711182
0305        925.89581299
0306        926.79754639
0307        926.76043701
0308        926.52734375
0309        927.03631592
0310        927.94372559
0311        928.83099365
0312        928.77862549
0313        928.53417969
0314        929.03179932
0315        929.92999268
0316        930.80346680
0317        930.73767090
0318        930.48223877
0319        930.96893311
0320        931.85656738
0321        932.71704102
0322        932.63836670
0323        932.37274170
0324        932.84899902
0325        933.72760010
0326        934.57556152
0327        934.48400879
0328        934.20898438
0329        934.67456055
0330        935.54364014
0331        936.37902832
0332        936.27563477
0333        935.99145508
0334        936.44744873
0335        937.30828857
0336        938.13171387
0337        938.01660156
0338        937.72302246
0339        938.17028809
0340        939.02319336
0341        939.83551025
0342        939.70941162
0343        939.40661621
0344        939.84613037
0345        940.69091797
0346        941.49353027
0347        941.35650635
0348        941.04504395
0349        941.47644043
0350        942.31256104
0351        943.10577393
0352        942.95898438
0353        942.63928223
0354        943.06237793
0355        943.89166260
0356        944.67364502
0357        944.51770020
0358        944.19042969
0359        944.60559082
0360        945.42901611
0361        946.20190430
0362        946.03607178
0363        945.70104980
0364        946.10949707
0365        946.92681885
0366        947.69122314
0367        947.51617432
0368        947.17376709
0369        947.57446289
0370        948.38415527
0371        949.13958740
0372        948.95623779
0373        948.60827637
0374        949.00262451
0375        949.80554199
0376        950.55316162
0377        950.36126709
0378        950.00622559
0379        950.39349365
0380        951.19018555
0381        951.92968750
0382        951.73083496
0383        951.36938477
0384        951.75140381
0385        952.54248047
0386        953.27343750
0387        953.06658936
0388        952.69934082
0389        953.07611084
0390        953.86193848
0391        954.58703613
0392        954.37225342
0393        953.99896240
0394        954.36950684
0395        955.15039062
0396        955.86785889
0397        955.64654541
0398        955.26861572
0399        955.63470459
0400        956.41125488
0401        957.12164307
0402        956.89404297
0403        956.50976562
0404        956.87048340
0405        957.64202881
0406        958.34643555
0407        958.11297607
0408        957.72424316
0409        958.07855225
0410        958.84527588
0411        959.54479980
0412        959.30499268
0413        958.91131592
0414        959.26104736
0415        960.02319336
0416        960.71624756
0417        960.47045898
0418        960.07257080
0419        960.41809082
0420        961.17578125
0421        961.86334229
0422        961.61230469
0423        961.21014404
0424        961.55102539
0425        962.30560303
0426        962.98754883
0427        962.73138428
0428        962.32531738
0429        962.66290283
0430        963.41448975
0431        964.09222412
0432        963.83111572
0433        963.42089844
0434        963.75451660
0435        964.50170898
0436        965.17370605
0437        964.90618896
0438        964.49182129
0439        964.82153320
0440        965.56555176
0441        966.23297119
0442        965.96203613
0443        965.54339600
0444        965.86901855
0445        966.60961914
0446        967.27215576
0447        966.99713135
0448        966.57531738
0449        966.89752197
0450        967.63562012
0451        968.29461670
0452        968.01562500
0453        967.59063721
0454        967.91033936
0455        968.64495850
0456        969.29980469
0457        969.01599121
0458        968.58782959
0459        968.90502930
0460        969.63696289
0461        970.28808594
0462        970.00067139
0463        969.56945801
0464        969.88305664
0465        970.61236572
0466        971.26025391
0467        970.96893311
0468        970.53417969
0469        970.84515381
0470        971.57116699
0471        972.21582031
0472        971.92114258
0473        971.48400879
0474        971.79223633
0475        972.51593018
0476        973.15655518
0477        972.85803223
0478        972.41790771
0479        972.72332764
0480        973.44451904
0481        974.08148193
0482        973.77935791
0483        973.33691406
0484        973.64007568
0485        974.35882568
0486        974.99310303
0487        974.68762207
0488        974.24279785
0489        974.54400635
0490        975.26013184
0491        975.89105225
0492        975.58337402
0493        975.13598633
0494        975.43426514
0495        976.14776611
0496        976.77563477
0497        976.46484375
0498        976.01513672
0499        976.31103516
0500        977.02264404
0501        977.64794922
0502        977.33392334
0503        976.88208008
0504        977.17547607
0505        977.88562012
0506        978.50805664
0507        978.19110107
0508        977.73699951
0509        978.02838135
0510        978.73663330
0511        979.35583496
0512        979.03686523
0513        978.58007812
0514        978.86975098
0515        979.57562256
0516        980.19189453
0517        979.87091064
0518        979.41278076
0519        979.70007324
0520        980.40356445
0521        981.01788330
0522        980.69458008
0523        980.23437500
0524        980.51995850
0525        981.22180176
0526        981.83361816
0527        981.50720215
0528        981.04498291
0529        981.32757568
0530        982.02819824
0531        982.63800049
0532        982.30883789
0533        981.84442139
0534        982.12475586
0535        982.82403564
0536        983.43212891
0537        983.10070801
0538        982.63494873
0539        982.91430664
0540        983.61199951
0541        984.21777344
0542        983.88482666
0543        983.41784668
0544        983.69616699
0545        984.39227295
0546        984.99621582
0547        984.66131592
0548        984.19274902
0549        984.46984863
0550        985.16436768
0551        985.76684570
0552        985.43035889
0553        984.96032715
0554        985.23602295
0555        985.92919922
0556        986.52978516
0557        986.19171143
0558        985.72027588
0559        985.99481201
0560        986.68750000
0561        987.28680420
0562        986.94671631
0563        986.47375488
0564        986.74682617
0565        987.43829346
0566        988.03564453
0567        987.69403076
0568        987.22003174
0569        987.49151611
0570        988.18200684
0571        988.77746582
0572        988.43408203
0573        987.95861816
0574        988.22875977
0575        988.91802979
0576        989.51220703
0577        989.16735840
0578        988.69079590
0579        988.95971680
0580        989.64770508
0581        990.24035645
0582        989.89465332
0583        989.41717529
0584        989.68469238
0585        990.37182617
0586        990.96276855
0587        990.61584473
0588        990.13745117
0589        990.40368652
0590        991.08996582
0591        991.67926025
0592        991.33129883
0593        990.85144043
0594        991.11627197
0595        991.80072021
0596        992.38848877
0597        992.03833008
0598        991.55737305
0599       1327.94897461
0600       1328.49047852
0601       1328.73437500
0602       1327.73730469
0603       1326.58007812
0604       1326.02246094
0605       1325.95349121
0606       1325.56616211
0607       1324.22973633
0608       1322.93188477
0609       1322.30688477
0610       1322.21472168
0611       1321.83068848
0612       1320.51806641
0613       1319.24694824
0614       1318.65051270
0615       1318.58691406
0616       1318.24218750
0617       1316.97106934
0618       1315.73266602
0619       1315.16772461
0620       1315.13208008
0621       1314.82727051
0622       1313.59582520
0623       1312.38940430
0624       1311.85620117
0625       1311.85009766
0626       1311.58276367
0627       1310.38928223
0628       1309.21386719
0629       1308.70861816
0630       1308.72924805
0631       1308.49707031
0632       1307.34008789
0633       1306.19360352
0634       1305.71630859
0635       1305.76123047
0636       1305.56213379
0637       1304.43786621
0638       1303.31958008
0639       1302.86962891
0640       1302.93945312
0641       1302.77282715
0642       1301.68151855
0643       1300.58911133
0644       1300.16430664
0645       1300.25646973
0646       1300.12072754
0647       1299.06005859
0648       1297.99218750
0649       1297.59094238
0650       1297.70483398
0651       1297.59729004
0652       1296.56591797
0653       1295.52172852
0654       1295.14294434
0655       1295.27661133
0656       1295.19714355
0657       1294.19433594
0658       1293.17102051
0659       1292.81262207
0660       1292.96655273
0661       1292.91406250
0662       1291.93762207
0663       1290.93603516
0664       1290.59912109
0665       1290.77087402
0666       1290.74279785
0667       1289.79138184
0668       1288.80993652
0669       1288.49230957
0670       1288.68237305
0671       1288.67675781
0672       1287.74877930
0673       1286.78576660
0674       1286.48583984
0675       1286.69226074
0676       1286.70971680
0677       1285.80468750
0678       1284.85925293
0679       1284.57653809
0680       1284.79907227
0681       1284.83789062
0682       1283.95434570
0683       1283.02612305
0684       1282.76013184
0685       1282.99707031
0686       1283.05651855
0687       1282.19262695
0688       1281.28173828
0689       1281.03125000
0690       1281.28271484
0691       1281.36047363
0692       1280.51660156
0693       1279.62109375
0694       1279.38537598
0695       1279.65063477
0696       1279.74682617
0697       1278.92138672
0698       1278.04052734
0699       1277.81933594
0700       1278.09692383
0701       1278.21057129
0702       1277.40258789
0703       1276.53637695
0704       1276.32812500
0705       1276.61877441
0706       1276.74890137
0707       1275.95703125
0708       1275.10375977
0709       1274.90856934
0710       1275.21093750
0711       1275.35595703
0712       1274.58020020
0713       1273.73962402
0714       1273.55615234
0715       1273.86938477
0716       1274.03002930
0717       1273.26831055
0718       1272.43969727
0719       1272.26806641
0720       1272.59289551
0721       1272.76745605
0722       1272.02111816
0723       1271.20312500
0724       1271.04296875
0725       1271.37670898
0726       1271.56518555
0727       1270.83190918
0728       1270.02563477
0729       1269.87597656
0730       1270.22033691
0731       1270.42187500
0732       1269.70190430
0733       1268.90551758
0734       1268.76525879
0735       1269.11828613
0736       1269.33190918
0737       1268.62426758
0738       1267.83764648
0739       1267.70654297
0740       1268.06762695
0741       1268.29296875
0742       1267.59692383
0743       1266.81994629
0744       1266.69787598
0745       1267.06738281
0746       1267.30346680
0747       1266.61791992
0748       1265.84985352
0749       1265.73645020
0750       1266.11328125
0751       1266.35961914
0752       1265.68505859
0753       1264.92529297
0754       1264.82019043
0755       1265.20483398
0756       1265.46044922
0757       1264.79541016
0758       1264.04357910
0759       1263.94580078
0760       1264.33703613
0761       1264.60229492
0762       1263.94677734
0763       1263.20190430
0764       1263.11145020
0765       1263.50976562
0766       1263.78479004
0767       1263.13793945
0768       1262.40014648
0769       1262.31713867
0770       1262.72204590
0771       1263.00561523
0772       1262.36755371
0773       1261.63684082
0774       1261.55957031
0775       1261.97106934
0776       1262.26196289
0777       1261.63122559
0778       1260.90795898
0779       1260.83666992
0780       1261.25366211
0781       1261.55261230
0782       1260.93017578
0783       1260.21289062
0784       1260.14782715
0785       1260.56970215
0786       1260.87548828
0787       1260.26086426
0788       1259.55029297
0789       1259.49169922
0790       1259.91870117
0791       1260.23132324
0792       1259.62329102
0793       1258.91674805
0794       1258.86352539
0795       1259.29492188
0796       1259.61413574
0797       1259.01245117
0798       1258.31079102
0799       1258.26293945
0800       1258.69958496
0801       1259.02514648
0802       1258.42980957
0803       1257.73352051
0804       1257.68945312
0805       1258.13049316
0806       1258.46228027
0807       1257.87280273
0808       1257.18164062
0809       1257.14233398
0810       1257.58752441
0811       1257.92517090
0812       1257.34167480
0813       1256.65539551
0814       1256.62084961
0815       1257.07006836
0816       1257.41186523
0817       1256.83386230
0818       1256.15173340
0819       1256.12036133
0820       1256.57409668
0821       1256.92089844
0822       1256.34729004
0823       1255.66931152
0824       1255.64221191
0825       1256.09985352
0826       1256.45178223
0827       1255.88342285
0828       1255.20971680
0829       1255.18652344
0830       1255.64733887
0831       1256.00378418
0832       1255.44006348
0833       1254.76989746
0834       1254.75036621
0835       1255.21411133
0836       1255.57556152
0837       1255.01684570
0838       1254.35009766
0839       1254.33349609
0840       1254.80078125
0841       1255.16650391
0842       1254.61157227
0843       1253.94787598
0844       1253.93542480
0845       1254.40539551
0846       1254.77514648
0847       1254.22485352
0848       1253.56457520
0849       1253.55480957
0850       1254.02734375
0851       1254.40063477
0852       1253.85424805
0853       1253.19714355
0854       1253.19030762
0855       1253.66528320
0856       1254.04248047
0857       1253.49877930
0858       1252.84436035
0859       1252.84033203
0860       1253.31848145
0861       1253.69909668
0862       1253.15930176
0863       1252.50793457
0864       1252.50646973
0865       1252.98681641
0866       1253.37121582
0867       1252.83459473
0868       1252.18603516
0869       1252.18664551
0870       1252.66882324
0871       1253.05517578
0872       1252.52148438
0873       1251.87512207
0874       1251.87854004
0875       1252.36230469
0876       1252.75219727
0877       1252.22155762
0878       1251.57788086
0879       1251.58349609
0880       1252.06994629
0881       1252.46252441
0882       1251.93469238
0883       1251.29284668
0884       1251.30078125
0885       1251.78955078
0886       1252.18457031
0887       1251.65979004
0888       1251.01977539
0889       1251.02954102
0890       1251.52050781
0891       1251.91748047
0892       1251.39489746
0893       1250.75683594
0894       1250.76843262
0895       1251.26025391
0896       1251.65954590
0897       1251.13903809
0898       1250.50268555
0899       1250.51611328
0900       1251.00927734
0901       1251.41088867
0902       1250.89306641
0903       1250.25891113
0904       1250.27416992
0905       1250.76953125
0906       1251.17382812
0907       1250.65759277
0908       1250.02514648
0909       1250.04211426
0910       1250.53906250
0911       1250.94555664
0912       1250.43151855
0913       1249.80139160
0914       1249.82031250
0915       1250.31848145
0916       1250.72680664
0917       1250.21459961
0918       1249.58605957
0919       1249.60620117
0920       1250.10620117
0921       1250.51660156
0922       1250.00634766
0923       1249.37939453
0924       1249.40063477
0925       1249.90197754
0926       1250.31372070
0927       1249.80517578
0928       1249.17932129
0929       1249.20153809
0930       1249.70410156
0931       1250.11767578
0932       1249.61047363
0933       1248.98608398
0934       1249.00939941
0935       1249.51342773
0936       1249.92810059
0937       1249.42260742
0938       1248.79931641
0939       1248.82373047
0940       1249.32861328
0941       1249.74462891
0942       1249.24169922
0943       1248.61975098
0944       1248.64575195
0945       1249.15161133
0946       1249.56970215
0947       1249.06860352
0948       1248.44750977
0949       1248.47497559
0950       1248.98181152
0951       1249.40124512
0952       1248.90136719
0953       1248.28161621
0954       1248.31005859
0955       1248.81811523
0956       1249.23889160
0957       1248.73999023
0958       1248.12133789
0959       1248.15063477
0960       1248.65917969
0961       1249.08117676
0962       1248.58374023
0963       1247.96606445
0964       1247.99633789
0965       1248.50610352
0966       1248.92919922
0967       1248.43273926
0968       1247.81616211
0969       1247.84790039
0970       1248.35815430
0971       1248.78210449
0972       1248.28735352
0973       1247.67150879
0974       1247.70385742
0975       1248.21496582
0976       1248.63964844
0977       1248.14562988
0978       1247.53051758
0979       1247.56372070
0980       1248.07568359
0981       1248.50146484
0982       1248.00842285
0983       1247.39392090
0984       1247.42773438
0985       1247.94042969
0986       1248.36743164
0987       1247.87512207
0988       1247.26147461
0989       1247.29565430
0990       1247.80883789
0991       1248.23669434
0992       1247.74560547
0993       1247.13281250
0994       1247.16760254
0995       1247.68139648
0996       1248.10986328
0997       1247.61962891
0998       1247.00756836
0999       1247.04321289
1000       1247.55786133
1001       1247.98779297
1002       1247.49865723
1003       1246.88720703
1004       1246.92346191
1005       1247.43896484
1006       1247.86914062
1007       1247.38073730
1008       1246.76977539
1009       1246.80627441
1010       1247.32250977
1011       1247.75329590
1012       1247.26599121
1013       1246.65539551
1014       1246.69250488
1015       1247.20898438
1016       1247.64038086
1017       1247.15380859
1018       1246.54345703
1019       1246.58129883
1020       1247.09814453
1021       1247.53027344
1022       1247.04418945
1023       1246.43469238
1024       1246.47314453
1025       1246.99047852
1026       1247.42309570
1027       1246.93750000
1028       1246.32849121
1029       1246.36743164
1030       1246.88500977
1031       1247.31884766
1032       1246.83361816
1033       1246.22509766
1034       1246.26440430
1035       1246.78271484
1036       1247.21728516
1037       1246.73315430
1038       1246.12536621
1039       1246.16528320
1040       1246.68383789
1041       1247.11889648
1042       1246.63500977
1043       1246.02770996
1044       1246.06811523
1045       1246.58703613
1046       1247.02282715
1047       1246.53955078
1048       1245.93249512
1049       1245.97338867
1050       1246.49243164
1051       1246.92871094
1052       1246.44567871
1053       1245.83959961
1054       1245.88085938
1055       1246.40026855
1056       1246.83715820
1057       1246.35449219
1058       1245.74890137
1059       1245.79028320
1060       1246.31030273
1061       1246.74768066
1062       1246.26586914
1063       1245.66040039
1064       1245.70239258
1065       1246.22290039
1066       1246.66076660
1067       1246.17919922
1068       1245.57434082
1069       1245.61669922
1070       1246.13720703
1071       1246.57556152
1072       1246.09423828
1073       1245.48986816
1074       1245.53259277
1075       1246.05322266
1076       1246.49169922
1077       1246.01086426
1078       1245.40673828
1079       1245.44982910
1080       1245.97070312
1081       1246.40942383
1082       1245.92871094
1083       1245.32495117
1084       1245.36828613
1085       1245.88952637
1086       1246.32836914
1087       1245.84814453
1088       1245.24462891
1089       1245.28833008
1090       1245.80993652
1091       1246.24902344
1092       1245.76916504
1093       1245.16564941
1094       1245.20996094
1095       1245.73168945
1096       1246.17102051
1097       1245.69140625
1098       1245.08837891
1099       1245.13317871
1100       1245.65502930
1101       1246.09472656
1102       1245.61535645
1103       1245.01269531
1104       1245.05761719
1105       1245.57958984
1106       1246.01965332
1107       1245.54052734
1108       1244.93786621
1109       1244.98291016
1110       1245.50500488
1111       1245.94519043
1112       1245.46667480
1113       1244.86413574
1114       1244.90917969
1115       1245.43200684
1116       1245.87219238
1117       1245.39379883
1118       1244.79150391
1119       1244.83679199
1120       1245.35974121
1121       1245.80017090
1122       1245.32214355
1123       1244.71984863
1124       1244.76525879
1125       1245.28833008
1126       1245.72937012
1127       1245.25146484
1128       1244.64953613
1129       1244.69494629
1130       1245.21826172
1131       1245.65966797
1132       1245.18212891
1133       1244.58020020
1134       1244.62622070
1135       1245.14965820
1136       1245.59130859
1137       1245.11401367
1138       1244.51232910
1139       1244.55834961
1140       1245.08203125
1141       1245.52392578
1142       1245.04663086
1143       1244.44506836
1144       1244.49133301
1145       1245.01501465
1146       1245.45715332
1147       1244.97998047
1148       1244.37829590
1149       1244.42504883
1150       1244.94860840
1151       1245.39099121
1152       1244.91394043
1153       1244.31262207
1154       1244.35949707
1155       1244.88330078
1156       1245.32592773
1157       1244.84924316
1158       1244.24792480
1159       1244.29504395
1160       1244.81896973
1161       1245.26184082
1162       1244.78527832
1163       1244.18383789
1164       1244.23107910
1165       1244.75512695
1166       1245.19787598
1167       1244.72155762
1168       1244.12036133
1169       1244.16772461
1170       1244.69189453
1171       1245.13464355
1172       1244.65832520
1173       1244.05725098
1174       1244.10473633
1175       1244.62890625
1176       1245.07177734
1177       1244.59558105
1178       1243.99450684
1179       1244.04199219
1180       1244.56616211
1181       1245.00903320
1182       1244.53308105
1183       1243.93212891
1184       1243.97961426
1185       1244.50390625
1186       1244.94689941
1187       1244.47094727
1188       1243.87011719
1189       1243.91784668
1190       1244.44238281
1191       1244.88549805
1192       1244.40979004
1193       1243.80908203
1194       1243.85693359
1195       1244.38159180
1196       1244.82482910
1197       1244.34912109
1198       1243.74853516
1199       1243.79626465
1200       1244.32104492
1201       1244.76440430
1202       1244.28869629
1203       1243.68823242
1204       1243.73608398
1205       1244.26110840
1206       1244.70446777
1207       1244.22875977
1208       1243.62841797
1209       1243.67626953
1210       1244.20129395
1211       1244.64477539
1212       1244.16931152
1213       1243.56896973
1214       1243.61718750
1215       1244.14221191
1216       1244.58581543
1217       1244.11047363
1218       1243.51013184
1219       1243.55834961
1220       1244.08349609
1221       1244.52709961
1222       1244.05175781
1223       1243.45141602
1224       1243.49975586
1225       1244.02478027
1226       1244.46850586
1227       1243.99316406
1228       1243.39282227
1229       1243.44116211
1230       1243.96630859
1231       1244.41003418
1232       1243.93493652
1233       1243.33459473
1234       1243.38293457
1235       1243.90820312
1236       1244.35205078
1237       1243.87707520
1238       1243.27685547
1239       1243.32531738
1240       1243.85058594
1241       1244.29443359
1242       1243.81958008
1243       1243.21948242
1244       1243.26794434
1245       1243.79333496
1246       1244.23718262
1247       1243.76245117
1248       1243.16247559
1249       1243.21093750
1250       1243.73632812
1251       1244.18029785
1252       1243.70556641
1253       1243.10571289
1254       1243.15417480
1255       1243.67956543
1256       1244.12365723
1257       1243.64904785
1258       1243.04919434
1259       1243.09777832
1260       1243.62316895
1261       1244.06726074
1262       1243.59265137
1263       1242.99291992
1264       1243.04150391
1265       1243.56689453
1266       1244.01098633
1267       1243.53637695
1268       1242.93676758
1269       1242.98522949
1270       1243.51074219
1271       1243.95495605
1272       1243.48034668
1273       1242.88061523
1274       1242.92907715
1275       1243.45458984
1276       1243.89892578
1277       1243.42431641
1278       1242.82458496
1279       1242.87304688
1280       1243.39855957
1281       1243.84289551
1282       1243.36840820
1283       1242.76867676
1284       1242.81713867
1285       1243.34265137
1286       1243.78686523
1287       1243.31250000
1288       1242.71276855
1289       1242.76123047
1290       1243.28674316
1291       1243.73120117
1292       1243.25683594
1293       1242.65710449
1294       1242.70568848
1295       1243.23120117
1296       1243.67553711
1297       1243.20129395
1298       1242.60156250
1299       1242.65014648
1300       1243.17578125
1301       1243.62023926
1302       1243.14599609
1303       1242.54626465
1304       1242.59497070
1305       1243.12060547
1306       1243.56506348
1307       1243.09094238
1308       1242.49121094
1309       1242.54003906
1310       1243.06567383
1311       1243.51013184
1312       1243.03613281
1313       1242.43664551
1314       1242.48547363
1315       1243.01123047
1316       1243.45581055
1317       1242.98193359
1318       1242.38232422
1319       1242.43115234
1320       1242.95690918
1321       1243.40161133
1322       1242.92773438
1323       1242.32812500
1324       1242.37695312
1325       1242.90283203
1326       1243.34741211
1327       1242.87353516
1328       1242.27404785
1329       1242.32287598
1330       1242.84863281
1331       1243.29345703
1332       1242.81958008
1333       1242.21997070
1334       1242.26879883
1335       1242.79467773
1336       1243.23950195
1337       1242.76574707
1338       1242.16613770
1339       1242.21496582
1340       1242.74084473
1341       1243.18579102
1342       1242.71191406
1343       1242.11230469
1344       1242.16113281
1345       1242.68701172
1346       1243.13220215
1347       1242.65844727
1348       1242.05883789
1349       1242.10766602
1350       1242.63354492
1351       1243.07861328
1352       1242.60498047
1353       1242.00549316
1354       1242.05432129
1355       1242.58020020
1356       1243.02539062
1357       1242.55175781
1358       1241.95214844
1359       1242.00097656
1360       1242.52685547
1361       1242.97216797
1362       1242.49853516
1363       1241.89904785
1364       1241.94799805
1365       1242.47387695
1366       1242.91918945
1367       1242.44580078
1368       1241.84643555
1369       1241.89526367
1370       1242.42126465
1371       1242.86669922
1372       1242.39318848
1373       1241.79382324
1374       1241.84277344
1375       1242.36865234
1376       1242.81408691
1377       1242.34069824
1378       1241.74121094
1379       1241.79028320
1380       1242.31616211
1381       1242.76159668
1382       1242.28820801
1383       1241.68884277
1384       1241.73779297
1385       1242.26379395
1386       1242.70922852
1387       1242.23583984
1388       1241.63647461
1389       1241.68542480
1390       1242.21142578
1391       1242.65686035
1392       1242.18347168
1393       1241.58447266
1394       1241.63378906
1395       1242.16003418
1396       1242.60546875
1397       1242.13281250
1398       1241.53369141
1399       1241.58300781
1400       1242.10925293
1401       1242.55480957
1402       1242.08203125
1403       1241.48291016
1404       1241.53222656
1405       1242.05847168
1406       1242.50402832
1407       1242.03125000
1408       1241.43212891
1409       1241.48144531
1410       1242.00781250
1411       1242.45336914
1412       1241.98059082
1413       1241.38146973
1414       1241.43078613
1415       1241.95715332
1416       1242.40258789
1417       1241.92980957
1418       1241.33068848
1419       1241.38000488
1420       1241.90637207
1421       1242.35192871
1422       1241.87927246
1423       1241.28015137
1424       1241.32946777
1425       1241.85583496
1426       1242.30151367
1427       1241.82885742
1428       1241.22973633
1429       1241.27905273
1430       1241.80554199
1431       1242.25122070
1432       1241.77844238
1433       1241.17944336
1434       1241.22875977
1435       1241.75524902
1436       1242.20092773
1437       1241.72827148
1438       1241.12963867
1439       1241.17944336
1440       1241.70629883
1441       1242.15209961
1442       1241.67968750
1443       1241.08105469
1444       1241.13085938
1445       1241.65771484
1446       1242.10339355
1447       1241.63110352
1448       1241.03234863
1449       1241.08215332
1450       1241.60900879
1451       1242.05468750
1452       1241.58239746
1453       1240.98364258
1454       1241.03344727
1455       1241.56030273
1456       1242.00610352
1457       1241.53381348
1458       1240.93505859
1459       1240.98486328
1460       1241.51171875
1461       1241.95751953
1462       1241.48522949
1463       1240.88659668
1464       1240.93640137
1465       1241.46325684
1466       1241.90893555
1467       1241.43676758
1468       1240.83813477
1469       1240.88793945
1470       1241.41479492
1471       1241.86059570
1472       1241.38830566
1473       1240.78967285
1474       1240.83947754
1475       1241.36645508
1476       1241.81213379
1477       1241.33984375
1478       1240.74121094
1479       1240.79101562
1480       1241.31799316
1481       1241.76367188
1482       1241.29150391
1483       1240.69287109
1484       1240.74267578
1485       1241.26965332
1486       1241.71533203
1487       1241.24316406
1488       1240.64453125
1489       1240.69445801
1490       1241.22143555
1491       1241.66711426
1492       1241.19494629
1493       1240.59631348
1494       1240.64624023
1495       1241.17309570
1496       1241.61889648
1497       1241.14672852
1498       1240.54809570
1499       1216.64233398
1500       1217.17138672
1501       1217.61975098
1502       1217.14868164
1503       1216.55212402
1504       1216.60351562
1505       1217.13305664
1506       1217.58203125
1507       1217.11145020
1508       1216.51513672
1509       1216.56726074
1510       1217.09729004
1511       1217.54663086
1512       1217.07617188
1513       1216.48059082
1514       1216.53295898
1515       1217.06323242
1516       1217.51293945
1517       1217.04296875
1518       1216.44750977
1519       1216.50036621
1520       1217.03076172
1521       1217.48071289
1522       1217.01123047
1523       1216.41613770
1524       1216.46923828
1525       1216.99987793
1526       1217.44995117
1527       1216.98059082
1528       1216.38598633
1529       1216.43933105
1530       1216.97021484
1531       1217.42077637
1532       1216.95166016
1533       1216.35717773
1534       1216.41101074
1535       1216.94226074
1536       1217.39282227
1537       1216.92407227
1538       1216.32983398
1539       1216.38427734
1540       1216.91577148
1541       1217.36669922
1542       1216.89819336
1543       1216.30444336
1544       1216.35913086
1545       1216.89086914
1546       1217.34191895
1547       1216.87377930
1548       1216.28002930
1549       1216.33496094
1550       1216.86669922
1551       1217.31811523
1552       1216.85058594
1553       1216.25708008
1554       1216.31201172
1555       1216.84448242
1556       1217.29589844
1557       1216.82873535
1558       1216.23547363
1559       1216.29064941
1560       1216.82324219
1561       1217.27490234
1562       1216.80798340
1563       1216.21484375
1564       1216.27001953
1565       1216.80273438
1566       1217.25500488
1567       1216.78820801
1568       1216.19531250
1569       1216.25085449
1570       1216.78393555
1571       1217.23645020
1572       1216.77014160
1573       1216.17749023
1574       1216.23339844
1575       1216.76647949
1576       1217.21960449
1577       1216.75329590
1578       1216.16088867
1579       1216.21691895
1580       1216.75024414
1581       1217.20349121
1582       1216.73730469
1583       1216.14489746
1584       1216.20129395
1585       1216.73461914
1586       1217.18811035
1587       1216.72216797
1588       1216.13000488
1589       1216.18688965
1590       1216.72033691
1591       1217.17419434
1592       1216.70861816
1593       1216.11645508
1594       1216.17346191
1595       1216.70703125
1596       1217.16113281
1597       1216.69580078
1598       1216.10375977
1599       1216.16088867
1600       1216.69458008
1601       1217.14868164
1602       1216.68334961
1603       1216.09155273
1604       1216.14892578
1605       1216.68261719
1606       1217.13659668
1607       1216.67150879
1608       1216.07971191
1609       1216.13708496
1610       1216.67077637
1611       1217.12500000
1612       1216.66003418
1613       1216.06823730
1614       1216.12573242
1615       1216.65966797
1616       1217.11389160
1617       1216.64904785
1618       1216.05737305
1619       1216.11523438
1620       1216.64941406
1621       1217.10388184
1622       1216.63916016
1623       1216.04760742
1624       1216.10546875
1625       1216.63989258
1626       1217.09436035
1627       1216.62963867
1628       1216.03833008
1629       1216.09619141
1630       1216.63073730
1631       1217.08532715
1632       1216.62072754
1633       1216.02954102
1634       1216.08752441
1635       1216.62207031
1636       1217.07690430
1637       1216.61254883
1638       1216.02124023
1639       1216.07958984
1640       1216.61401367
1641       1217.06896973
1642       1216.60461426
1643       1216.01342773
1644       1216.07177734
1645       1216.60644531
1646       1217.06140137
1647       1216.59704590
1648       1216.00585938
1649       1216.06433105
1650       1216.59912109
1651       1217.05419922
1652       1216.59008789
1653       1215.99902344
1654       1216.05737305
1655       1216.59228516
1656       1217.04736328
1657       1216.58349609
1658       1215.99267578
1659       1216.05114746
1660       1216.58593750
1661       1217.04125977
1662       1216.57751465
1663       1215.98669434
1664       1216.04516602
1665       1216.58007812
1666       1217.03552246
1667       1216.57189941
1668       1215.98120117
1669       1216.03979492
1670       1216.57470703
1671       1217.03015137
1672       1216.56652832
1673       1215.97607422
1674       1216.03454590
1675       1216.56958008
1676       1217.02514648
1677       1216.56152344
1678       1215.97094727
1679       1216.02954102
1680       1216.56457520
1681       1217.02014160
1682       1216.55664062
1683       1215.96606445
1684       1216.02453613
1685       1216.55957031
1686       1217.01525879
1687       1216.55187988
1688       1215.96130371
1689       1216.01989746
1690       1216.55493164
1691       1217.01062012
1692       1216.54724121
1693       1215.95654297
1694       1216.01538086
1695       1216.55053711
1696       1217.00634766
1697       1216.54309082
1698       1215.95263672
1699       1216.01135254
1700       1216.54663086
1701       1217.00244141
1702       1216.53942871
1703       1215.94897461
1704       1216.00781250
1705       1216.54309082
1706       1216.99890137
1707       1216.53601074
1708       1215.94555664
1709       1216.00439453
1710       1216.53979492
1711       1216.99572754
1712       1216.53283691
1713       1215.94238281
1714       1216.00134277
1715       1216.53674316
1716       1216.99279785
1717       1216.53002930
1718       1215.93969727
1719       1215.99853516
1720       1216.53393555
1721       1216.99011230
1722       1216.52734375
1723       1215.93701172
1724       1215.99584961
1725       1216.53125000
1726       1216.98754883
1727       1216.52478027
1728       1215.93432617
1729       1215.99316406
1730       1216.52880859
1731       1216.98486328
1732       1216.52221680
1733       1215.93176270
1734       1215.99072266
1735       1216.52636719
1736       1216.98242188
1737       1216.51977539
1738       1215.92932129
1739       1215.98828125
1740       1216.52392578
1741       1216.97998047
1742       1216.51733398
1743       1215.92700195
1744       1215.98596191
1745       1216.52172852
1746       1216.97802734
1747       1216.51550293
1748       1215.92517090
1749       1215.98413086
1750       1216.51989746
1751       1216.97619629
1752       1216.51367188
1753       1215.92346191
1754       1215.98242188
1755       1216.51818848
1756       1216.97460938
1757       1216.51220703
1758       1215.92187500
1759       1215.98095703
1760       1216.51672363
1761       1216.97314453
1762       1216.51074219
1763       1215.92053223
1764       1215.97961426
1765       1216.51538086
1766       1216.97180176
1767       1216.50939941
1768       1215.91918945
1769       1215.97839355
1770       1216.51416016
1771       1216.97058105
1772       1216.50830078
1773       1215.91821289
1774       1215.97729492
1775       1216.51318359
1776       1216.96960449
1777       1216.50732422
1778       1215.91723633
1779       1215.97631836
1780       1216.51220703
1781       1216.96875000
1782       1216.50646973
1783       1215.91638184
1784       1215.97558594
1785       1216.51135254
1786       1216.96789551
1787       1216.50561523
1788       1215.91564941
1789       1215.97485352
1790       1216.51062012
1791       1216.96716309
1792       1216.50488281
1793       1215.91491699
1794       1215.97412109
1795       1216.51000977
1796       1216.96643066
1797       1216.50427246
1798       1215.91430664
1799       1215.97338867
1800       1216.50927734
1801       1216.96582031
1802       1216.50354004
1803       1215.91357422
1804       1215.97277832
1805       1216.50854492
1806       1216.96520996
1807       1216.50305176
1808       1215.91308594
1809       1215.97241211
1810       1216.50817871
1811       1216.96472168
1812       1216.50268555
1813       1215.91271973
1814       1215.97192383
1815       1216.50769043
1816       1216.96423340
1817       1216.50219727
1818       1215.91235352
1819       1215.97155762
1820       1216.50732422
1821       1216.96386719
1822       1216.50195312
1823       1215.91198730
1824       1215.97131348
1825       1216.50708008
1826       1216.96362305
1827       1216.50170898
1828       1215.91186523
1829       1215.97106934
1830       1216.50683594
1831       1216.96337891
1832       1216.50146484
1833       1215.91162109
1834       1215.97082520
1835       1216.50659180
1836       1216.96325684
1837       1216.50122070
1838       1215.91149902
1839       1215.97070312
1840       1216.50659180
1841       1216.96313477
1842       1216.50122070
1843       1215.91149902
1844       1215.97082520
1845       1216.50683594
1846       1216.96337891
1847       1216.50146484
1848       1215.91174316
1849       1215.97094727
1850       1216.50695801
1851       1216.96362305
1852       1216.50170898
1853       1215.91198730
1854       1215.97131348
1855       1216.50732422
1856       1216.96386719
1857       1216.50195312
1858       1215.91223145
1859       1215.97143555
1860       1216.50756836
1861       1216.96411133
1862       1216.50219727
1863       1215.91259766
1864       1215.97192383
1865       1216.50805664
1866       1216.96459961
1867       1216.50268555
1868       1215.91308594
1869       1215.97241211
1870       1216.50842285
1871       1216.96508789
1872       1216.50329590
1873       1215.91357422
1874       1215.97302246
1875       1216.50903320
1876       1216.96569824
1877       1216.50390625
1878       1215.91418457
1879       1215.97363281
1880       1216.50964355
1881       1216.96630859
1882       1216.50463867
1883       1215.91491699
1884       1215.97436523
1885       1216.51037598
1886       1216.96704102
1887       1216.50537109
1888       1215.91577148
1889       1215.97509766
1890       1216.51123047
1891       1216.96789551
1892       1216.50622559
1893       1215.91662598
1894       1215.97607422
1895       1216.51220703
1896       1216.96887207
1897       1216.50720215
1898       1215.91772461
1899       1215.97705078
1900       1216.51318359
1901       1216.96984863
1902       1216.50830078
1903       1215.91870117
1904       1215.97814941
1905       1216.51416016
1906       1216.97082520
1907       1216.50915527
1908       1215.91967773
1909       1215.97900391
1910       1216.51513672
1911       1216.97180176
1912       1216.51025391
1913       1215.92065430
1914       1215.98010254
1915       1216.51611328
1916       1216.97277832
1917       1216.51110840
1918       1215.92163086
1919       1215.98095703
1920       1216.51708984
1921       1216.97363281
1922       1216.51208496
1923       1215.92248535
1924       1215.98193359
1925       1216.51806641
1926       1216.97473145
1927       1216.51306152
1928       1215.92358398
1929       1215.98291016
1930       1216.51904297
1931       1216.97570801
1932       1216.51416016
1933       1215.92456055
1934       1215.98400879
1935       1216.52001953
1936       1216.97668457
1937       1216.51513672
1938       1215.92553711
1939       1215.98498535
1940       1216.52111816
1941       1216.97778320
1942       1216.51611328
1943       1215.92651367
1944       1215.98596191
1945       1216.52209473
1946       1216.97875977
1947       1216.51721191
1948       1215.92761230
1949       1215.98706055
1950       1216.52319336
1951       1216.97985840
1952       1216.51831055
1953       1215.92871094
1954       1215.98815918
1955       1216.52429199
1956       1216.98095703
1957       1216.51940918
1958       1215.92980957
1959       1215.98925781
1960       1216.52539062
1961       1216.98217773
1962       1216.52050781
1963       1215.93090820
1964       1215.99047852
1965       1216.52661133
1966       1216.98327637
1967       1216.52160645
1968       1215.93212891
1969       1215.99157715
1970       1216.52770996
1971       1216.98437500
1972       1216.52270508
1973       1215.93322754
1974       1215.99267578
1975       1216.52880859
1976       1216.98547363
1977       1216.52392578
1978       1215.93432617
1979       1215.99389648
1980       1216.52990723
1981       1216.98657227
1982       1216.52502441
1983       1215.93542480
1984       1215.99499512
1985       1216.53100586
1986       1216.98779297
1987       1216.52612305
1988       1215.93652344
1989       1215.99609375
1990       1216.53222656
1991       1216.98889160
1992       1216.52734375
1993       1215.93774414
1994       1215.99719238
1995       1216.53332520
1996       1216.98999023
1997       1216.52844238
1998       1215.93884277
1999       1215.99829102
2000       1216.53442383
2001       1216.99121094
2002       1216.52954102
2003       1215.95263672
2004       1216.08081055
2005       1216.70581055
2006       1217.35424805
2007       1217.33898926
2008       1217.48547363
